Date,Open,High,Low,Close,Adj Close,Volume
2020-05-23,9185.062500,9302.501953,9118.108398,9209.287109,9209.287109,27727866812
2020-05-24,9212.283203,9288.404297,8787.250977,8790.368164,8790.368164,32518803300
2020-05-25,8786.107422,8951.005859,8719.667969,8906.934570,8906.934570,31288157264
2020-05-26,8909.585938,8991.967773,8757.293945,8835.052734,8835.052734,29584186947
2020-05-27,8837.380859,9203.320313,8834.157227,9181.017578,9181.017578,32740536902
2020-05-28,9184.945313,9546.319336,9148.457031,9525.750977,9525.750977,34367073114
2020-05-29,9528.355469,9573.666992,9379.338867,9439.124023,9439.124023,32896642044
2020-05-30,9438.914063,9704.030273,9366.729492,9700.414063,9700.414063,32722975141
2020-05-31,9700.105469,9700.343750,9432.296875,9461.058594,9461.058594,27773290299
2020-06-01,9463.605469,10199.565430,9450.899414,10167.268555,10167.268555,35198901068
2020-06-02,10162.973633,10182.340820,9460.571289,9529.803711,9529.803711,39137252109
2020-06-03,9533.760742,9682.859375,9471.846680,9656.717773,9656.717773,25007459262
2020-06-04,9655.854492,9887.610352,9525.247070,9800.636719,9800.636719,25921805072
2020-06-05,9800.215820,9869.237305,9663.216797,9665.533203,9665.533203,23509628646
2020-06-06,9664.904297,9773.431641,9591.024414,9653.679688,9653.679688,20438419222
2020-06-07,9653.002930,9768.498047,9458.150391,9758.852539,9758.852539,25015250846
2020-06-08,9760.063477,9782.306641,9675.885742,9771.489258,9771.489258,21486346312
2020-06-09,9774.360352,9836.369141,9664.719727,9795.700195,9795.700195,23717842783
2020-06-10,9794.119141,9908.896484,9728.291016,9870.094727,9870.094727,25706567601
2020-06-11,9870.078125,9938.297852,9263.069336,9321.781250,9321.781250,30247143440
2020-06-12,9320.690430,9540.465820,9285.851563,9480.843750,9480.843750,22610564515
2020-06-13,9480.735352,9493.211914,9396.009766,9475.277344,9475.277344,17564322315
2020-06-14,9477.553711,9482.270508,9347.593750,9386.788086,9386.788086,18991732746
2020-06-15,9386.035156,9504.860352,8990.175781,9450.702148,9450.702148,26699704768
2020-06-16,9454.266602,9579.430664,9400.445313,9538.024414,9538.024414,21565537209
2020-06-17,9533.784180,9540.422852,9327.339844,9480.254883,9480.254883,20177709879
2020-06-18,9481.567383,9482.782227,9328.395508,9411.840820,9411.840820,17770083003
2020-06-19,9410.293945,9440.875977,9274.295898,9288.018555,9288.018555,19632223107
2020-06-20,9290.959961,9394.971680,9247.379883,9332.340820,9332.340820,17130541557
2020-06-21,9330.926758,9401.107422,9300.430664,9303.629883,9303.629883,15324301169
2020-06-22,9300.915039,9655.073242,9296.872070,9648.717773,9648.717773,21104009514
2020-06-23,9644.076172,9670.541016,9547.247070,9629.658203,9629.658203,17006433272
2020-06-24,9632.149414,9680.367188,9278.233398,9313.610352,9313.610352,18961716076
2020-06-25,9314.126953,9340.161133,9095.324219,9264.813477,9264.813477,18616048626
2020-06-26,9260.995117,9310.516602,9101.738281,9162.917969,9162.917969,18341465837
2020-06-27,9167.824219,9207.810547,8998.216797,9045.390625,9045.390625,17273093144
2020-06-28,9048.460938,9197.546875,8975.525391,9143.582031,9143.582031,14560870760
2020-06-29,9140.029297,9237.573242,9041.875977,9190.854492,9190.854492,16460547078
2020-06-30,9185.581055,9217.835938,9084.837891,9137.993164,9137.993164,15735797744
2020-07-01,9145.985352,9309.754883,9104.735352,9228.325195,9228.325195,15971550355
2020-07-02,9231.139648,9274.962891,9036.623047,9123.410156,9123.410156,16338916796
2020-07-03,9124.842773,9202.344727,9058.794922,9087.303711,9087.303711,13078970999
2020-07-04,9084.233398,9183.295898,9053.629883,9132.488281,9132.488281,12290528515
2020-07-05,9126.090820,9162.183594,8977.015625,9073.942383,9073.942383,12903406143
2020-07-06,9072.849609,9375.474609,9058.664063,9375.474609,9375.474609,17889263252
2020-07-07,9349.161133,9360.617188,9201.815430,9252.277344,9252.277344,13839652595
2020-07-08,9253.020508,9450.335938,9249.500000,9428.333008,9428.333008,19702359883
2020-07-09,9427.994141,9431.378906,9234.999023,9277.967773,9277.967773,18000702524
2020-07-10,9273.357422,9287.471680,9118.001953,9278.807617,9278.807617,16860035605
2020-07-11,9277.511719,9293.532227,9199.485352,9240.346680,9240.346680,13249910444
2020-07-12,9241.054688,9319.418945,9197.450195,9276.500000,9276.500000,14452361907
2020-07-13,9277.205078,9306.405273,9224.292969,9243.614258,9243.614258,17519821266
2020-07-14,9238.703125,9283.841797,9171.661133,9243.213867,9243.213867,18085038362
2020-07-15,9241.897461,9275.325195,9171.933594,9192.836914,9192.836914,15844731575
2020-07-16,9191.980469,9214.312500,9088.947266,9132.227539,9132.227539,15713967523
2020-07-17,9131.812500,9182.253906,9089.202148,9151.392578,9151.392578,13944570749
2020-07-18,9151.183594,9230.983398,9100.824219,9159.040039,9159.040039,12252601475
2020-07-19,9158.005859,9201.398438,9097.632813,9185.817383,9185.817383,12939002784
2020-07-20,9187.220703,9214.270508,9137.509766,9164.231445,9164.231445,13755604146
2020-07-21,9162.514648,9407.262695,9149.389648,9374.887695,9374.887695,18069581956
2020-07-22,9375.080078,9530.518555,9319.653320,9525.363281,9525.363281,16532254884
2020-07-23,9527.141602,9610.247070,9483.003906,9581.072266,9581.072266,18146399002
2020-07-24,9585.514648,9623.336914,9481.454102,9536.892578,9536.892578,16552768325
2020-07-25,9539.485352,9704.556641,9530.211914,9677.113281,9677.113281,16610070933
2020-07-26,9680.234375,10023.807617,9652.847656,9905.166992,9905.166992,20507998997
2020-07-27,9905.217773,11298.221680,9903.969727,10990.873047,10990.873047,35359749590
2020-07-28,11017.463867,11204.327148,10632.631836,10912.823242,10912.823242,28766551142
2020-07-29,10912.953125,11304.397461,10856.141602,11100.467773,11100.467773,24617249715
2020-07-30,11099.833008,11169.356445,10895.455078,11111.213867,11111.213867,22857247901
2020-07-31,11110.210938,11415.864258,10987.053711,11323.466797,11323.466797,23160469766
2020-08-01,11322.570313,11794.775391,11239.682617,11759.592773,11759.592773,26075670303
2020-08-02,11758.764648,12034.144531,11018.129883,11053.614258,11053.614258,27410067336
2020-08-03,11043.768555,11453.079102,11012.415039,11246.348633,11246.348633,20271713443
2020-08-04,11246.203125,11385.381836,11094.145508,11205.892578,11205.892578,21250197042
2020-08-05,11203.823242,11786.617188,11158.285156,11747.022461,11747.022461,24411254471
2020-08-06,11749.871094,11902.335938,11598.713867,11779.773438,11779.773438,23400740340
2020-08-07,11778.894531,11898.038086,11408.593750,11601.472656,11601.472656,23132312867
2020-08-08,11604.553711,11800.064453,11558.431641,11754.045898,11754.045898,17572057837
2020-08-09,11737.325195,11806.056641,11548.784180,11675.739258,11675.739258,17489608833
2020-08-10,11662.256836,12045.140625,11662.256836,11878.111328,11878.111328,26114112569
2020-08-11,11881.647461,11932.710938,11195.708984,11410.525391,11410.525391,27039782640
2020-08-12,11404.596680,11748.396484,11249.605469,11584.934570,11584.934570,25064548486
2020-08-13,11588.405273,11796.396484,11216.872070,11784.137695,11784.137695,27522199497
2020-08-14,11772.659180,12150.994141,11685.455078,11768.871094,11768.871094,24237958589
2020-08-15,11768.697266,11963.203125,11768.697266,11865.698242,11865.698242,23354924400
2020-08-16,11866.685547,11934.901367,11737.188477,11892.803711,11892.803711,20583375490
2020-08-17,11895.658203,12359.056641,11806.696289,12254.402344,12254.402344,28227687027
2020-08-18,12251.895508,12335.707031,11954.525391,11991.233398,11991.233398,26043227672
2020-08-19,11990.884766,12028.923828,11687.333008,11758.283203,11758.283203,24502851117
2020-08-20,11761.500000,11900.411133,11710.063477,11878.372070,11878.372070,20175242945
2020-08-21,11878.026367,11899.259766,11564.979492,11592.489258,11592.489258,23762425999
2020-08-22,11585.477539,11689.407227,11448.805664,11681.825195,11681.825195,20224191306
2020-08-23,11679.696289,11713.429688,11559.920898,11664.847656,11664.847656,18482062658
2020-08-24,11663.689453,11807.631836,11623.250000,11774.595703,11774.595703,20681511755
2020-08-25,11773.588867,11778.299805,11189.850586,11366.134766,11366.134766,26301509932
2020-08-26,11366.894531,11530.052734,11296.993164,11488.363281,11488.363281,22466660958
2020-08-27,11485.608398,11570.786133,11185.941406,11323.397461,11323.397461,23240415076
2020-08-28,11325.295898,11545.615234,11316.422852,11542.500000,11542.500000,19807127588
2020-08-29,11541.054688,11585.640625,11466.292969,11506.865234,11506.865234,17485597759
2020-08-30,11508.713867,11715.264648,11492.381836,11711.505859,11711.505859,19760127945
2020-08-31,11713.306641,11768.876953,11598.318359,11680.820313,11680.820313,22285928250
2020-09-01,11679.316406,12067.081055,11601.128906,11970.478516,11970.478516,27311555343
2020-09-02,11964.823242,11964.823242,11290.793945,11414.034180,11414.034180,28037405299
2020-09-03,11407.191406,11443.022461,10182.464844,10245.296875,10245.296875,31927261555
2020-09-04,10230.365234,10663.919922,10207.940430,10511.813477,10511.813477,29965130374
2020-09-05,10512.530273,10581.571289,9946.675781,10169.567383,10169.567383,44916565292
2020-09-06,10167.216797,10353.927734,10056.885742,10280.351563,10280.351563,37071460174
2020-09-07,10280.998047,10399.153320,9916.493164,10369.563477,10369.563477,33703098409
2020-09-08,10369.306641,10414.775391,9945.110352,10131.516602,10131.516602,33430927462
2020-09-09,10134.151367,10350.542969,10017.250977,10242.347656,10242.347656,24128292755
2020-09-10,10242.330078,10503.912109,10238.135742,10363.138672,10363.138672,54406443211
2020-09-11,10369.028320,10434.922852,10140.836914,10400.915039,10400.915039,45201121775
2020-09-12,10409.861328,10578.837891,10292.386719,10442.170898,10442.170898,36750077324
2020-09-13,10452.399414,10577.214844,10224.330078,10323.755859,10323.755859,36506852789
2020-09-14,10328.734375,10800.010742,10266.008789,10680.837891,10680.837891,35453581940
2020-09-15,10677.754883,10938.631836,10656.459961,10796.951172,10796.951172,32509451925
2020-09-16,10797.761719,11100.124023,10704.884766,10974.905273,10974.905273,30769986455
2020-09-17,10973.251953,11037.420898,10774.627930,10948.990234,10948.990234,38151810523
2020-09-18,10951.820313,11034.908203,10829.657227,10944.585938,10944.585938,26341903912
2020-09-19,10933.752930,11134.092773,10909.618164,11094.346680,11094.346680,22764204008
2020-09-20,11095.870117,11095.870117,10814.477539,10938.271484,10938.271484,24699523788
2020-09-21,10934.925781,10988.304688,10380.260742,10462.259766,10462.259766,28884999244
2020-09-22,10459.624023,10568.077148,10382.726563,10538.459961,10538.459961,23621787804
2020-09-23,10535.492188,10537.828125,10197.865234,10246.186523,10246.186523,23788661867
2020-09-24,10248.786133,10771.056641,10231.490234,10760.066406,10760.066406,47144380902
2020-09-25,10761.109375,10777.696289,10578.914063,10692.716797,10692.716797,39348590957
2020-09-26,10695.575195,10772.999023,10667.281250,10750.723633,10750.723633,46852525493
2020-09-27,10746.892578,10803.976563,10622.921875,10775.269531,10775.269531,53745972818
2020-09-28,10776.613281,10945.347656,10703.893555,10709.652344,10709.652344,47762394731
2020-09-29,10709.650391,10860.000977,10649.495117,10844.640625,10844.640625,46582396602
2020-09-30,10843.871094,10847.256836,10669.321289,10784.491211,10784.491211,44171073700
2020-10-01,10795.254883,10933.624023,10472.356445,10619.452148,10619.452148,40023134100
2020-10-02,10619.821289,10657.837891,10416.689453,10575.974609,10575.974609,48661453918
2020-10-03,10575.100586,10598.940430,10511.129883,10549.329102,10549.329102,44660271563
2020-10-04,10550.440430,10686.000000,10534.391602,10669.583008,10669.583008,71251776995
2020-10-05,10676.529297,10793.507813,10634.600586,10793.339844,10793.339844,47537578009
2020-10-06,10796.306641,10797.578125,10528.890625,10604.406250,10604.406250,42623695307
2020-10-07,10603.355469,10680.507813,10562.506836,10668.968750,10668.968750,37799458436
2020-10-08,10669.371094,10945.737305,10562.606445,10915.685547,10915.685547,63314794397
2020-10-09,10927.913086,11102.671875,10846.850586,11064.458008,11064.458008,22799117613
2020-10-10,11059.142578,11442.210938,11056.940430,11296.361328,11296.361328,22877978588
2020-10-11,11296.082031,11428.813477,11288.627930,11384.181641,11384.181641,19968627060
2020-10-12,11392.635742,11698.467773,11240.686523,11555.363281,11555.363281,26163972642
2020-10-13,11548.719727,11548.984375,11321.224609,11425.899414,11425.899414,24241420251
2020-10-14,11429.047852,11539.977539,11307.831055,11429.506836,11429.506836,24103426719
2020-10-15,11426.602539,11569.914063,11303.603516,11495.349609,11495.349609,24487233058
2020-10-16,11502.828125,11540.061523,11223.012695,11322.123047,11322.123047,25635480772
2020-10-17,11322.123047,11386.261719,11285.345703,11358.101563,11358.101563,19130430174
2020-10-18,11355.982422,11483.359375,11347.578125,11483.359375,11483.359375,18283314340
2020-10-19,11495.038086,11799.092773,11408.290039,11742.037109,11742.037109,23860769928
2020-10-20,11745.974609,11999.917969,11681.480469,11916.334961,11916.334961,30915821592
2020-10-21,11913.077148,13184.566406,11900.928711,12823.689453,12823.689453,43414712626
2020-10-22,12801.635742,13161.593750,12717.093750,12965.891602,12965.891602,34729759598
2020-10-23,12971.548828,13015.961914,12752.647461,12931.539063,12931.539063,28974975003
2020-10-24,12931.574219,13145.066406,12885.747070,13108.062500,13108.062500,24542317940
2020-10-25,13108.063477,13329.183594,12910.061523,13031.173828,13031.173828,24406920575
2020-10-26,13031.201172,13225.297852,12822.382813,13075.248047,13075.248047,29461458313
2020-10-27,13075.242188,13759.668945,13060.837891,13654.218750,13654.218750,33749878156
2020-10-28,13654.214844,13837.695313,12932.250977,13271.285156,13271.285156,35867318895
2020-10-29,13271.298828,13612.047852,12980.059570,13437.882813,13437.882813,56499499598
2020-10-30,13437.874023,13651.516602,13136.198242,13546.522461,13546.522461,30581485201
2020-10-31,13546.532227,14028.213867,13457.530273,13780.995117,13780.995117,30306464719
2020-11-01,13780.995117,13862.033203,13628.377930,13737.109375,13737.109375,24453857900
2020-11-02,13737.032227,13808.323242,13243.160156,13550.489258,13550.489258,30771455468
2020-11-03,13550.451172,13984.981445,13325.441406,13950.300781,13950.300781,29869951617
2020-11-04,13950.488281,14218.766602,13580.471680,14133.707031,14133.707031,35116364962
2020-11-05,14133.733398,15706.404297,14102.088867,15579.848633,15579.848633,40856321439
2020-11-06,15579.729492,15903.437500,15226.839844,15565.880859,15565.880859,39837841971
2020-11-07,15565.880859,15737.095703,14423.203125,14833.753906,14833.753906,35024953706
2020-11-08,14833.753906,15637.320313,14744.110352,15479.567383,15479.567383,26632075029
2020-11-09,15479.595703,15785.136719,14865.529297,15332.315430,15332.315430,34149115566
2020-11-10,15332.350586,15450.329102,15124.959961,15290.902344,15290.902344,25574938143
2020-11-11,15290.909180,15916.260742,15290.006836,15701.339844,15701.339844,29772374934
2020-11-12,15701.298828,16305.003906,15534.771484,16276.343750,16276.343750,34175758344
2020-11-13,16276.440430,16463.177734,15992.152344,16317.808594,16317.808594,31599492172
2020-11-14,16317.808594,16317.808594,15749.193359,16068.138672,16068.138672,27481710135
2020-11-15,16068.139648,16123.110352,15793.534180,15955.587891,15955.587891,23653867583
2020-11-16,15955.577148,16816.181641,15880.706055,16716.111328,16716.111328,31526766675
2020-11-17,16685.691406,17782.919922,16564.544922,17645.406250,17645.406250,39006849170
2020-11-18,17645.191406,18393.949219,17352.906250,17804.005859,17804.005859,49064800278
2020-11-19,17803.861328,18119.546875,17382.554688,17817.089844,17817.089844,36985055355
2020-11-20,17817.083984,18773.226563,17765.794922,18621.314453,18621.314453,36992873940
2020-11-21,18621.316406,18936.621094,18444.359375,18642.232422,18642.232422,39650210707
2020-11-22,18642.232422,18688.968750,17671.384766,18370.001953,18370.001953,41280434226
2020-11-23,18370.017578,18711.425781,18000.796875,18364.121094,18364.121094,42741112308
2020-11-24,18365.015625,19348.271484,18128.656250,19107.464844,19107.464844,51469565009
2020-11-25,19104.410156,19390.964844,18581.146484,18732.121094,18732.121094,43710357371
2020-11-26,18729.839844,18866.285156,16351.035156,17150.623047,17150.623047,61396835737
2020-11-27,17153.914063,17445.023438,16526.423828,17108.402344,17108.402344,38886494645
2020-11-28,17112.933594,17853.939453,16910.652344,17717.414063,17717.414063,32601040734
2020-11-29,17719.634766,18283.628906,17559.117188,18177.484375,18177.484375,31133957704
2020-11-30,18178.322266,19749.263672,18178.322266,19625.835938,19625.835938,47728480399
2020-12-01,19633.769531,19845.974609,18321.921875,18802.998047,18802.998047,49633658712
2020-12-02,18801.744141,19308.330078,18347.718750,19201.091797,19201.091797,37387697139
2020-12-03,19205.925781,19566.191406,18925.785156,19445.398438,19445.398438,31930317405
2020-12-04,19446.966797,19511.404297,18697.193359,18699.765625,18699.765625,33872388058
2020-12-05,18698.384766,19160.449219,18590.193359,19154.230469,19154.230469,27242455064
2020-12-06,19154.179688,19390.500000,18897.894531,19345.121094,19345.121094,25293775714
2020-12-07,19343.128906,19411.828125,18931.142578,19191.630859,19191.630859,26896357742
2020-12-08,19191.529297,19283.478516,18269.945313,18321.144531,18321.144531,31692288756
2020-12-09,18320.884766,18626.292969,17935.546875,18553.916016,18553.916016,34420373071
2020-12-10,18553.298828,18553.298828,17957.064453,18264.992188,18264.992188,25547132265
2020-12-11,18263.929688,18268.453125,17619.533203,18058.904297,18058.904297,27919640985
2020-12-12,18051.320313,18919.550781,18046.041016,18803.656250,18803.656250,21752580802
2020-12-13,18806.765625,19381.535156,18734.332031,19142.382813,19142.382813,25450468637
2020-12-14,19144.492188,19305.099609,19012.708984,19246.644531,19246.644531,22473997681
2020-12-15,19246.919922,19525.007813,19079.841797,19417.076172,19417.076172,26741982541
2020-12-16,19418.818359,21458.908203,19298.316406,21310.597656,21310.597656,44409011479
2020-12-17,21308.351563,23642.660156,21234.675781,22805.162109,22805.162109,71378606374
2020-12-18,22806.796875,23238.601563,22399.812500,23137.960938,23137.960938,40387896275
2020-12-19,23132.865234,24085.855469,22826.472656,23869.832031,23869.832031,38487546580
2020-12-20,23861.765625,24209.660156,23147.710938,23477.294922,23477.294922,37844228422
2020-12-21,23474.455078,24059.982422,22159.367188,22803.082031,22803.082031,45852713981
2020-12-22,22794.039063,23789.902344,22430.605469,23783.029297,23783.029297,44171632681
2020-12-23,23781.974609,24024.490234,22802.646484,23241.345703,23241.345703,51146161904
2020-12-24,23240.203125,23768.337891,22777.597656,23735.949219,23735.949219,41080759713
2020-12-25,23733.570313,24710.101563,23463.673828,24664.791016,24664.791016,42068395846
2020-12-26,24677.015625,26718.070313,24522.689453,26437.037109,26437.037109,48332647295
2020-12-27,26439.373047,28288.839844,25922.769531,26272.294922,26272.294922,66479895605
2020-12-28,26280.822266,27389.111328,26207.640625,27084.808594,27084.808594,49056742893
2020-12-29,27081.810547,27370.720703,25987.298828,27362.437500,27362.437500,45265946774
2020-12-30,27360.089844,28937.740234,27360.089844,28840.953125,28840.953125,51287442704
2020-12-31,28841.574219,29244.876953,28201.992188,29001.720703,29001.720703,46754964848
2021-01-01,28994.009766,29600.626953,28803.585938,29374.152344,29374.152344,40730301359
2021-01-02,29376.455078,33155.117188,29091.181641,32127.267578,32127.267578,67865420765
2021-01-03,32129.408203,34608.558594,32052.316406,32782.023438,32782.023438,78665235202
2021-01-04,32810.949219,33440.218750,28722.755859,31971.914063,31971.914063,81163475344
2021-01-05,31977.041016,34437.589844,30221.187500,33992.429688,33992.429688,67547324782
2021-01-06,34013.613281,36879.699219,33514.035156,36824.363281,36824.363281,75289433811
2021-01-07,36833.875000,40180.367188,36491.191406,39371.042969,39371.042969,84762141031
2021-01-08,39381.765625,41946.738281,36838.636719,40797.609375,40797.609375,88107519480
2021-01-09,40788.640625,41436.351563,38980.875000,40254.546875,40254.546875,61984162837
2021-01-10,40254.218750,41420.191406,35984.628906,38356.441406,38356.441406,79980747690
2021-01-11,38346.531250,38346.531250,30549.599609,35566.656250,35566.656250,123320567399
2021-01-12,35516.359375,36568.527344,32697.976563,33922.960938,33922.960938,74773277909
2021-01-13,33915.121094,37599.960938,32584.667969,37316.359375,37316.359375,69364315979
2021-01-14,37325.109375,39966.406250,36868.562500,39187.328125,39187.328125,63615990033
2021-01-15,39156.707031,39577.710938,34659.589844,36825.367188,36825.367188,67760757881
2021-01-16,36821.648438,37864.367188,35633.554688,36178.140625,36178.140625,57706187875
2021-01-17,36163.648438,36722.351563,34069.320313,35791.277344,35791.277344,52359854336
2021-01-18,35792.238281,37299.285156,34883.843750,36630.074219,36630.074219,49511702429
2021-01-19,36642.234375,37755.890625,36069.804688,36069.804688,36069.804688,57244195486
2021-01-20,36050.113281,36378.328125,33570.476563,35547.750000,35547.750000,66834573161
2021-01-21,35549.398438,35552.679688,30250.750000,30825.699219,30825.699219,75643067688
2021-01-22,30817.625000,33811.851563,28953.373047,33005.761719,33005.761719,77207272511
2021-01-23,32985.757813,33360.976563,31493.160156,32067.642578,32067.642578,48354737975
2021-01-24,32064.376953,32944.007813,31106.685547,32289.378906,32289.378906,48643830599
2021-01-25,32285.798828,34802.742188,32087.787109,32366.392578,32366.392578,59897054838
2021-01-26,32358.613281,32794.550781,31030.265625,32569.849609,32569.849609,60255421470
2021-01-27,32564.029297,32564.029297,29367.138672,30432.546875,30432.546875,62576762015
2021-01-28,30441.041016,33858.312500,30023.207031,33466.097656,33466.097656,76517157706
2021-01-29,34318.671875,38406.261719,32064.814453,34316.386719,34316.386719,117894572511
2021-01-30,34295.933594,34834.707031,32940.187500,34269.523438,34269.523438,65141828798
2021-01-31,34270.878906,34288.332031,32270.175781,33114.359375,33114.359375,52754542671
2021-02-01,33114.578125,34638.214844,32384.228516,33537.175781,33537.175781,61400400660
2021-02-02,33533.199219,35896.882813,33489.218750,35510.289063,35510.289063,63088585433
2021-02-03,35510.820313,37480.187500,35443.984375,37472.089844,37472.089844,61166818159
2021-02-04,37475.105469,38592.175781,36317.500000,36926.066406,36926.066406,68838074392
2021-02-05,36931.546875,38225.906250,36658.761719,38144.308594,38144.308594,58598066402
2021-02-06,38138.386719,40846.546875,38138.386719,39266.011719,39266.011719,71326033653
2021-02-07,39250.191406,39621.835938,37446.152344,38903.441406,38903.441406,65500641143
2021-02-08,38886.828125,46203.929688,38076.324219,46196.464844,46196.464844,101467222687
2021-02-09,46184.992188,48003.722656,45166.960938,46481.105469,46481.105469,91809846886
2021-02-10,46469.761719,47145.566406,43881.152344,44918.183594,44918.183594,87301089896
2021-02-11,44898.710938,48463.468750,44187.761719,47909.332031,47909.332031,81388911810
2021-02-12,47877.035156,48745.734375,46424.976563,47504.851563,47504.851563,76555041196
2021-02-13,47491.203125,48047.746094,46392.281250,47105.515625,47105.515625,70250456155
2021-02-14,47114.507813,49487.640625,47114.507813,48717.289063,48717.289063,71248675228
2021-02-15,48696.535156,48875.570313,46347.476563,47945.058594,47945.058594,77069903166
2021-02-16,47944.457031,50341.101563,47201.304688,49199.871094,49199.871094,77049582886
2021-02-17,49207.277344,52533.914063,49072.378906,52149.007813,52149.007813,80820545404
2021-02-18,52140.972656,52474.105469,51015.765625,51679.796875,51679.796875,52054723579
2021-02-19,51675.980469,56113.652344,50937.277344,55888.132813,55888.132813,63495496918
2021-02-20,55887.335938,57505.226563,54626.558594,56099.519531,56099.519531,68145460026
2021-02-21,56068.566406,58330.570313,55672.609375,57539.945313,57539.945313,51897585191
2021-02-22,57532.738281,57533.390625,48967.566406,54207.320313,54207.320313,92052420332
2021-02-23,54204.929688,54204.929688,45290.589844,48824.425781,48824.425781,106102492824
2021-02-24,48835.085938,51290.136719,47213.500000,49705.332031,49705.332031,63695521388
2021-02-25,49709.082031,51948.968750,47093.851563,47093.851563,47093.851563,54506565949
2021-02-26,47180.464844,48370.785156,44454.843750,46339.761719,46339.761719,350967941479
2021-02-27,46344.773438,48253.269531,45269.027344,46188.453125,46188.453125,45910946382
2021-02-28,46194.015625,46716.429688,43241.617188,45137.769531,45137.769531,53443887451
2021-03-01,45159.503906,49784.015625,45115.093750,49631.242188,49631.242188,53891300112
2021-03-02,49612.105469,50127.511719,47228.843750,48378.988281,48378.988281,47530897720
2021-03-03,48415.816406,52535.136719,48274.320313,50538.242188,50538.242188,53220811975
2021-03-04,50522.304688,51735.089844,47656.929688,48561.167969,48561.167969,52343816680
2021-03-05,48527.031250,49396.429688,46542.515625,48927.304688,48927.304688,48625928883
2021-03-06,48899.230469,49147.218750,47257.527344,48912.382813,48912.382813,34363564661
2021-03-07,48918.679688,51384.367188,48918.679688,51206.691406,51206.691406,43137459378
2021-03-08,51174.117188,52314.070313,49506.054688,52246.523438,52246.523438,48597428048
2021-03-09,52272.968750,54824.117188,51981.832031,54824.117188,54824.117188,50912227385
2021-03-10,54824.011719,57258.253906,53290.890625,56008.550781,56008.550781,57295577614
2021-03-11,55963.179688,58091.062500,54484.593750,57805.121094,57805.121094,56772343595
2021-03-12,57821.218750,57996.621094,55376.648438,57332.089844,57332.089844,55689944702
2021-03-13,57343.371094,61683.863281,56217.972656,61243.085938,61243.085938,60669829814
2021-03-14,61221.132813,61597.917969,59302.316406,59302.316406,59302.316406,43901225564
2021-03-15,59267.429688,60540.992188,55393.164063,55907.199219,55907.199219,66419369890
2021-03-16,55840.785156,56833.179688,53555.027344,56804.902344,56804.902344,59749798599
2021-03-17,56825.828125,58969.816406,54528.628906,58870.894531,58870.894531,60258313191
2021-03-18,58893.078125,60116.250000,54253.578125,57858.921875,57858.921875,55746041000
2021-03-19,57850.441406,59498.375000,56643.703125,58346.652344,58346.652344,49063873786
2021-03-20,58332.261719,60031.285156,58213.296875,58313.644531,58313.644531,50361731222
2021-03-21,58309.914063,58767.898438,56005.617188,57523.421875,57523.421875,51943414539
2021-03-22,57517.890625,58471.480469,54288.156250,54529.144531,54529.144531,56521454974
2021-03-23,54511.660156,55985.441406,53470.695313,54738.945313,54738.945313,56435023914
2021-03-24,54710.488281,57262.382813,52514.332031,52774.265625,52774.265625,70567223787
2021-03-25,52726.746094,53392.386719,50856.570313,51704.160156,51704.160156,67999812841
2021-03-26,51683.011719,55137.312500,51579.855469,55137.312500,55137.312500,56652197978
2021-03-27,55137.566406,56568.214844,54242.910156,55973.511719,55973.511719,47266542233
2021-03-28,55974.941406,56610.312500,55071.113281,55950.746094,55950.746094,47686580918
2021-03-29,55947.898438,58342.097656,55139.339844,57750.199219,57750.199219,57625587027
2021-03-30,57750.132813,59447.222656,57251.550781,58917.691406,58917.691406,54414116432
2021-03-31,58930.277344,59930.027344,57726.417969,58918.832031,58918.832031,65520826225
2021-04-01,58926.562500,59586.070313,58505.277344,59095.808594,59095.808594,61669163792
2021-04-02,59098.878906,60267.187500,58869.281250,59384.312500,59384.312500,58727860620
2021-04-03,59397.410156,60110.269531,57603.890625,57603.890625,57603.890625,59641344484
2021-04-04,57604.839844,58913.746094,57168.675781,58758.554688,58758.554688,50749662970
2021-04-05,58760.875000,59891.296875,57694.824219,59057.878906,59057.878906,60706272115
2021-04-06,59171.933594,59479.578125,57646.808594,58192.359375,58192.359375,66058027988
2021-04-07,58186.507813,58731.144531,55604.023438,56048.937500,56048.937500,75645303584
2021-04-08,56099.914063,58338.738281,55879.085938,58323.953125,58323.953125,53053855641
2021-04-09,58326.562500,58937.046875,57807.863281,58245.003906,58245.003906,46655208546
2021-04-10,58253.777344,61276.664063,58038.707031,59793.234375,59793.234375,58238470525
2021-04-11,59846.230469,60790.554688,59289.796875,60204.964844,60204.964844,46280252580
2021-04-12,60175.945313,61253.035156,59589.875000,59893.453125,59893.453125,51828688519
2021-04-13,59890.019531,63742.285156,59869.957031,63503.457031,63503.457031,69983454362
2021-04-14,63523.753906,64863.097656,61554.796875,63109.695313,63109.695313,77451779687
2021-04-15,63075.195313,63821.671875,62208.964844,63314.011719,63314.011719,60954381579
2021-04-16,63258.503906,63594.722656,60222.531250,61572.789063,61572.789063,84293007468
2021-04-17,61529.921875,62572.175781,60361.351563,60683.820313,60683.820313,66138759198
2021-04-18,60701.886719,61057.457031,52829.535156,56216.183594,56216.183594,97468872758
2021-04-19,56191.585938,57520.054688,54368.593750,55724.265625,55724.265625,65344865159
2021-04-20,55681.792969,57062.148438,53448.046875,56473.031250,56473.031250,67849323955
2021-04-21,56471.128906,56757.972656,53695.468750,53906.089844,53906.089844,54926612466
2021-04-22,53857.105469,55410.230469,50583.812500,51762.273438,51762.273438,74798630778
2021-04-23,51739.808594,52120.792969,47714.664063,51093.652344,51093.652344,86668667320
2021-04-24,51143.226563,51167.562500,48805.285156,50050.867188,50050.867188,49014494781
2021-04-25,50052.832031,50506.019531,47159.484375,49004.253906,49004.253906,46117114240
2021-04-26,49077.792969,54288.003906,48852.796875,54021.753906,54021.753906,58284039825
2021-04-27,54030.304688,55416.964844,53319.187500,55033.117188,55033.117188,49448222757
2021-04-28,55036.636719,56227.207031,53887.917969,54824.703125,54824.703125,48000572955
2021-04-29,54858.089844,55115.843750,52418.027344,53555.109375,53555.109375,46088929780
2021-04-30,53568.664063,57900.718750,53129.601563,57750.175781,57750.175781,52395931985
2021-05-01,57714.664063,58448.339844,57052.273438,57828.050781,57828.050781,42836427360
2021-05-02,57825.863281,57902.593750,56141.906250,56631.078125,56631.078125,38177405335
2021-05-03,56620.273438,58973.308594,56590.871094,57200.292969,57200.292969,51713139031
2021-05-04,57214.179688,57214.179688,53191.425781,53333.539063,53333.539063,68564706967
2021-05-05,53252.164063,57911.363281,52969.054688,57424.007813,57424.007813,69241316747
2021-05-06,57441.308594,58363.316406,55382.507813,56396.515625,56396.515625,69523285106
2021-05-07,56413.953125,58606.632813,55321.847656,57356.402344,57356.402344,68434023376
2021-05-08,57352.765625,59464.613281,56975.210938,58803.777344,58803.777344,65382980634
2021-05-09,58877.390625,59210.882813,56482.003906,58232.316406,58232.316406,65906690347
2021-05-10,58250.871094,59519.355469,54071.457031,55859.796875,55859.796875,71776546298
2021-05-11,55847.242188,56872.542969,54608.652344,56704.574219,56704.574219,61308396325
2021-05-12,56714.531250,57939.363281,49150.535156,49150.535156,49150.535156,75215403907
2021-05-13,49735.433594,51330.843750,46980.019531,49716.191406,49716.191406,96721152926
2021-05-14,49682.980469,51438.117188,48868.578125,49880.535156,49880.535156,55737497453
2021-05-15,49855.496094,50639.664063,46664.140625,46760.187500,46760.187500,59161047474
2021-05-16,46716.636719,49720.042969,43963.351563,46456.058594,46456.058594,64047871555
2021-05-17,46415.898438,46623.558594,42207.289063,43537.511719,43537.511719,74903638450
2021-05-18,43488.058594,45812.457031,42367.832031,42909.402344,42909.402344,56187365084
2021-05-19,42944.976563,43546.117188,30681.496094,37002.441406,37002.441406,126358098747
2021-05-20,36753.667969,42462.984375,35050.617188,40782.738281,40782.738281,88281943359
2021-05-21,40596.949219,42172.171875,33616.453125,37304.691406,37304.691406,82051616861
2021-05-22,37371.031250,38831.054688,35383.683594,37536.632813,37536.632813,57377273240
2021-05-23,37531.449219,38289.218750,31227.339844,34770.582031,34770.582031,78469274361
2021-05-24,34700.363281,39835.140625,34551.082031,38705.980469,38705.980469,67359584098
2021-05-25,38795.781250,39776.351563,36581.429688,38402.222656,38402.222656,56211915803
2021-05-26,38392.625000,40782.078125,37905.835938,39294.199219,39294.199219,51346735160
2021-05-27,39316.890625,40379.617188,37247.902344,38436.968750,38436.968750,43210968721
2021-05-28,38507.082031,38856.968750,34779.039063,35697.605469,35697.605469,55200191952
2021-05-29,35684.156250,37234.500000,33693.929688,34616.066406,34616.066406,45231013335
2021-05-30,34607.406250,36400.667969,33520.738281,35678.128906,35678.128906,31646080921
2021-05-31,35658.593750,37468.250000,34241.945313,37332.855469,37332.855469,39009847639
2021-06-01,37293.792969,37896.734375,35787.085938,36684.925781,36684.925781,34639423297
2021-06-02,36699.921875,38231.339844,35966.308594,37575.179688,37575.179688,33070867190
2021-06-03,37599.410156,39478.953125,37243.972656,39208.765625,39208.765625,35460750427
2021-06-04,39242.484375,39242.484375,35717.722656,36894.406250,36894.406250,41831090187
2021-06-05,36880.156250,37917.714844,34900.414063,35551.957031,35551.957031,35959473399
2021-06-06,35538.609375,36436.421875,35304.578125,35862.378906,35862.378906,28913440585
2021-06-07,35835.265625,36790.570313,33480.640625,33560.707031,33560.707031,33683936663
2021-06-08,33589.519531,34017.386719,31114.443359,33472.632813,33472.632813,49902050442
2021-06-09,33416.976563,37537.371094,32475.865234,37345.121094,37345.121094,53972919008
2021-06-10,37389.515625,38334.324219,35847.593750,36702.597656,36702.597656,43576032854
2021-06-11,36697.031250,37608.695313,36044.449219,37334.398438,37334.398438,38699736985
2021-06-12,37340.144531,37408.925781,34728.191406,35552.515625,35552.515625,37924228550
2021-06-13,35555.789063,39322.781250,34864.109375,39097.859375,39097.859375,40669112838
2021-06-14,39016.968750,40978.363281,38757.285156,40218.476563,40218.476563,43148914673
2021-06-15,40427.167969,41295.269531,39609.468750,40406.269531,40406.269531,46420149185
2021-06-16,40168.691406,40516.777344,38176.035156,38347.062500,38347.062500,39211635100
2021-06-17,38341.421875,39513.671875,37439.675781,38053.503906,38053.503906,37096670047
2021-06-18,38099.476563,38187.261719,35255.855469,35787.246094,35787.246094,36200887275
2021-06-19,35854.527344,36457.796875,34933.062500,35615.871094,35615.871094,31207279719
2021-06-20,35563.140625,36059.484375,33432.074219,35698.296875,35698.296875,36664034054
2021-06-21,35641.144531,35721.640625,31295.935547,31676.693359,31676.693359,52809038594
2021-06-22,31622.376953,33292.453125,28893.621094,32505.660156,32505.660156,58964353058
2021-06-23,32515.714844,34753.410156,31772.632813,33723.027344,33723.027344,46317108925
2021-06-24,33682.800781,35228.851563,32385.214844,34662.437500,34662.437500,33123368116
2021-06-25,34659.105469,35487.246094,31350.884766,31637.779297,31637.779297,40230904226
2021-06-26,31594.664063,32637.587891,30184.501953,32186.277344,32186.277344,38585385521
2021-06-27,32287.523438,34656.128906,32071.757813,34649.644531,34649.644531,35511640894
2021-06-28,34679.121094,35219.890625,33902.074219,34434.335938,34434.335938,33892523752
2021-06-29,34475.558594,36542.109375,34252.484375,35867.777344,35867.777344,37901460044
2021-06-30,35908.386719,36074.757813,34086.152344,35040.835938,35040.835938,34059036099
2021-07-01,35035.984375,35035.984375,32883.781250,33572.117188,33572.117188,37838957079
2021-07-02,33549.601563,33939.589844,32770.679688,33897.046875,33897.046875,38728974942
2021-07-03,33854.421875,34909.261719,33402.695313,34668.546875,34668.546875,24383958643
2021-07-04,34665.566406,35937.566406,34396.476563,35287.781250,35287.781250,24924307911
2021-07-05,35284.343750,35284.343750,33213.660156,33746.003906,33746.003906,26721554282
2021-07-06,33723.507813,35038.535156,33599.917969,34235.195313,34235.195313,26501259870
2021-07-07,34225.679688,34997.664063,33839.289063,33855.328125,33855.328125,24796027477
2021-07-08,33889.605469,33907.906250,32133.183594,32877.371094,32877.371094,29910396946
2021-07-09,32861.671875,34042.292969,32318.880859,33798.011719,33798.011719,27436021028
2021-07-10,33811.242188,34209.070313,33116.011719,33520.519531,33520.519531,22971873468
2021-07-11,33509.078125,34584.703125,33346.738281,34240.187500,34240.187500,20108729370
2021-07-12,34254.015625,34592.156250,32697.308594,33155.847656,33155.847656,24321499537
2021-07-13,33125.468750,33327.101563,32261.419922,32702.025391,32702.025391,19120856669
2021-07-14,32723.845703,33061.398438,31639.125000,32822.347656,32822.347656,21376531210
2021-07-15,32827.875000,33159.640625,31175.708984,31780.730469,31780.730469,21300524237
2021-07-16,31841.550781,32218.406250,31100.673828,31421.539063,31421.539063,23699476918
2021-07-17,31397.308594,31935.945313,31223.990234,31533.068359,31533.068359,18895018942
2021-07-18,31533.884766,32398.996094,31215.492188,31796.810547,31796.810547,18787986667
2021-07-19,31800.011719,31885.859375,30563.734375,30817.832031,30817.832031,20434789545
2021-07-20,30838.285156,31006.187500,29360.955078,29807.347656,29807.347656,23148267245
2021-07-21,29796.285156,32752.326172,29526.183594,32110.693359,32110.693359,28203024559
2021-07-22,32138.873047,32576.400391,31745.298828,32313.105469,32313.105469,19555230518
2021-07-23,32305.958984,33581.550781,32057.892578,33581.550781,33581.550781,22552046192
2021-07-24,33593.730469,34490.390625,33424.859375,34292.445313,34292.445313,21664706865
2021-07-25,34290.292969,35364.925781,33881.835938,35350.187500,35350.187500,20856685287
2021-07-26,35384.031250,40499.675781,35287.312500,37337.535156,37337.535156,51022126212
2021-07-27,37276.035156,39406.941406,36441.726563,39406.941406,39406.941406,35097370560
2021-07-28,39503.187500,40816.070313,38862.437500,39995.906250,39995.906250,38702404695
2021-07-29,39995.453125,40593.070313,39352.058594,40008.421875,40008.421875,27167146027
2021-07-30,40027.484375,42235.546875,38397.355469,42235.546875,42235.546875,33072782960
2021-07-31,42196.304688,42231.449219,41110.832031,41626.195313,41626.195313,25802845343
2021-08-01,41460.843750,42541.679688,39540.941406,39974.894531,39974.894531,26688438115
2021-08-02,39907.261719,40419.179688,38746.347656,39201.945313,39201.945313,25595265436
2021-08-03,39178.402344,39750.031250,37782.050781,38152.980469,38152.980469,26189830450
2021-08-04,38213.332031,39952.296875,37589.164063,39747.503906,39747.503906,25372562724
2021-08-05,39744.515625,41341.933594,37458.003906,40869.554688,40869.554688,35185031017
2021-08-06,40865.867188,43271.660156,39932.179688,42816.500000,42816.500000,38226483046
2021-08-07,42832.796875,44689.859375,42618.566406,44555.800781,44555.800781,40030862141
2021-08-08,44574.437500,45282.351563,43331.910156,43798.117188,43798.117188,36302664750
2021-08-09,43791.925781,46456.832031,42848.687500,46365.402344,46365.402344,38734079049
2021-08-10,46280.847656,46637.988281,44705.554688,45585.031250,45585.031250,33546019517
2021-08-11,45599.703125,46735.632813,45351.710938,45593.636719,45593.636719,34319709073
2021-08-12,45576.878906,46228.910156,43861.445313,44428.289063,44428.289063,33723620826
2021-08-13,44439.691406,47831.976563,44282.417969,47793.320313,47793.320313,31744259539
2021-08-14,47810.687500,48098.683594,46177.632813,47096.945313,47096.945313,31211354442
2021-08-15,47096.667969,47357.105469,45579.589844,47047.003906,47047.003906,30988958446
2021-08-16,47019.960938,47998.097656,45700.320313,46004.484375,46004.484375,32776876610
2021-08-17,45936.457031,47139.570313,44512.417969,44695.359375,44695.359375,33451362600
2021-08-18,44686.750000,45952.062500,44364.027344,44801.187500,44801.187500,32194123075
2021-08-19,44741.882813,46970.761719,43998.316406,46717.578125,46717.578125,37204312299
2021-08-20,46723.121094,49342.152344,46650.707031,49339.175781,49339.175781,34706867452
2021-08-21,49327.074219,49717.019531,48312.199219,48905.492188,48905.492188,40585205312
2021-08-22,48869.105469,49471.609375,48199.941406,49321.652344,49321.652344,25370975378
2021-08-23,49291.675781,50482.078125,49074.605469,49546.148438,49546.148438,34305053719
2021-08-24,49562.347656,49878.769531,47687.117188,47706.117188,47706.117188,35361168834
2021-08-25,47727.257813,49202.878906,47163.613281,48960.789063,48960.789063,32646349931
2021-08-26,49002.640625,49347.582031,46405.781250,46942.218750,46942.218750,32666549568
2021-08-27,46894.554688,49112.785156,46394.281250,49058.667969,49058.667969,34511076995
2021-08-28,49072.585938,49283.503906,48499.238281,48902.402344,48902.402344,28568103401
2021-08-29,48911.250000,49644.113281,47925.855469,48829.832031,48829.832031,25889650240
2021-08-30,48834.851563,48925.605469,46950.273438,47054.984375,47054.984375,31847007016
2021-08-31,47024.339844,48189.550781,46750.093750,47166.687500,47166.687500,34730363427
2021-09-01,47099.773438,49111.089844,46562.437500,48847.027344,48847.027344,39139399125
2021-09-02,48807.847656,50343.421875,48652.320313,49327.722656,49327.722656,39508070319
2021-09-03,49288.250000,50982.273438,48386.085938,50025.375000,50025.375000,43206179619
2021-09-04,50009.324219,50545.582031,49548.781250,49944.625000,49944.625000,37471327794
2021-09-05,49937.859375,51868.679688,49538.597656,51753.410156,51753.410156,30322676319
2021-09-06,51769.003906,52700.941406,51053.679688,52633.535156,52633.535156,38884105426
2021-09-07,52660.480469,52853.765625,43285.207031,46811.128906,46811.128906,65210059683
2021-09-08,46827.761719,47334.054688,44561.394531,46091.390625,46091.390625,49007762488
2021-09-09,45774.742188,47261.949219,45669.738281,46391.421875,46391.421875,38672657013
2021-09-10,46396.664063,47031.742188,44344.484375,44883.910156,44883.910156,39154666597
2021-09-11,44869.839844,45969.292969,44818.265625,45201.457031,45201.457031,34499835245
2021-09-12,45206.628906,46364.878906,44790.460938,46063.269531,46063.269531,27881980161
2021-09-13,46057.214844,46598.679688,43591.320313,44963.074219,44963.074219,40969943253
2021-09-14,44960.050781,47218.125000,44752.332031,47092.492188,47092.492188,38652152880
2021-09-15,47098.000000,48450.468750,46773.328125,48176.347656,48176.347656,30484496466
2021-09-16,48158.906250,48486.828125,47079.558594,47783.359375,47783.359375,31764293754
2021-09-17,47771.003906,48160.921875,46832.523438,47267.519531,47267.519531,28727713711
2021-09-18,47273.527344,48791.781250,47087.285156,48278.363281,48278.363281,28575630451
2021-09-19,48268.855469,48328.367188,46919.804688,47260.218750,47260.218750,26967722648
2021-09-20,47261.406250,47328.199219,42598.914063,42843.800781,42843.800781,43909845642
2021-09-21,43012.234375,43607.609375,39787.609375,40693.675781,40693.675781,48701090088
2021-09-22,40677.953125,43978.621094,40625.632813,43574.507813,43574.507813,38139709246
2021-09-23,43560.296875,44942.175781,43109.339844,44895.097656,44895.097656,34244064430
2021-09-24,44894.300781,45080.492188,40936.558594,42839.750000,42839.750000,42839345714
2021-09-25,42840.890625,42996.257813,41759.921875,42716.593750,42716.593750,31604717236
2021-09-26,42721.628906,43919.300781,40848.460938,43208.539063,43208.539063,30661222077
2021-09-27,43234.183594,44313.246094,42190.632813,42235.730469,42235.730469,30980029059
2021-09-28,42200.898438,42775.144531,40931.664063,41034.542969,41034.542969,30214940550
2021-09-29,41064.984375,42545.257813,40829.667969,41564.363281,41564.363281,30602359905
2021-09-30,41551.269531,44092.601563,41444.582031,43790.894531,43790.894531,31141681925
2021-10-01,43816.742188,48436.011719,43320.023438,48116.941406,48116.941406,42850641582
2021-10-02,48137.468750,48282.062500,47465.496094,47711.488281,47711.488281,30614346492
2021-10-03,47680.027344,49130.691406,47157.289063,48199.953125,48199.953125,26638115879
2021-10-04,48208.906250,49456.777344,47045.003906,49112.902344,49112.902344,33383173002
2021-10-05,49174.960938,51839.984375,49072.839844,51514.812500,51514.812500,35873904236
2021-10-06,51486.664063,55568.464844,50488.191406,55361.449219,55361.449219,49034730168
2021-10-07,55338.625000,55338.625000,53525.468750,53805.984375,53805.984375,36807860413
2021-10-08,53802.144531,55922.980469,53688.054688,53967.847656,53967.847656,34800873924
2021-10-09,53929.781250,55397.945313,53735.144531,54968.222656,54968.222656,32491211414
2021-10-10,54952.820313,56401.304688,54264.257813,54771.578125,54771.578125,39527792364
2021-10-11,54734.125000,57793.039063,54519.765625,57484.789063,57484.789063,42637331698
2021-10-12,57526.832031,57627.878906,54477.972656,56041.058594,56041.058594,41083758949
2021-10-13,56038.257813,57688.660156,54370.972656,57401.097656,57401.097656,41684252783
2021-10-14,57372.832031,58478.734375,56957.074219,57321.523438,57321.523438,36615791366
2021-10-15,57345.902344,62757.128906,56868.144531,61593.949219,61593.949219,51780081801
2021-10-16,61609.527344,62274.476563,60206.121094,60892.179688,60892.179688,34250964237
2021-10-17,60887.652344,61645.523438,59164.468750,61553.617188,61553.617188,29032367511
2021-10-18,61548.804688,62614.660156,60012.757813,62026.078125,62026.078125,38055562075
2021-10-19,62043.164063,64434.535156,61622.933594,64261.992188,64261.992188,40471196346
2021-10-20,64284.585938,66930.390625,63610.675781,65992.835938,65992.835938,40788955582
2021-10-21,66002.234375,66600.546875,62117.410156,62210.171875,62210.171875,45908121370
2021-10-22,62237.890625,63715.023438,60122.796875,60692.265625,60692.265625,38434082775
2021-10-23,60694.628906,61743.878906,59826.523438,61393.617188,61393.617188,26882546034
2021-10-24,61368.343750,61505.804688,59643.343750,60930.835938,60930.835938,27316183882
2021-10-25,60893.925781,63729.324219,60691.800781,63039.824219,63039.824219,31064911614
2021-10-26,63032.761719,63229.027344,59991.160156,60363.792969,60363.792969,34878965587
2021-10-27,60352.000000,61435.183594,58208.187500,58482.386719,58482.386719,43657076893
2021-10-28,58470.730469,62128.632813,58206.917969,60622.136719,60622.136719,45257083247
2021-10-29,60624.871094,62927.609375,60329.964844,62227.964844,62227.964844,36856881767
2021-10-30,62239.363281,62330.144531,60918.386719,61888.832031,61888.832031,32157938616
2021-10-31,61850.488281,62406.171875,60074.328125,61318.957031,61318.957031,32241199927
2021-11-01,61320.449219,62419.003906,59695.183594,61004.406250,61004.406250,36150572843
2021-11-02,60963.253906,64242.792969,60673.054688,63226.402344,63226.402344,37746665647
2021-11-03,63254.335938,63516.937500,61184.238281,62970.046875,62970.046875,36124731509
2021-11-04,62941.804688,63123.289063,60799.664063,61452.230469,61452.230469,32615846901
2021-11-05,61460.078125,62541.468750,60844.609375,61125.675781,61125.675781,30605102446
2021-11-06,61068.875000,61590.683594,60163.781250,61527.480469,61527.480469,29094934221
2021-11-07,61554.921875,63326.988281,61432.488281,63326.988281,63326.988281,24726754302
2021-11-08,63344.066406,67673.742188,63344.066406,67566.828125,67566.828125,41125608330
2021-11-09,67549.734375,68530.335938,66382.062500,66971.828125,66971.828125,42357991721
2021-11-10,66953.335938,68789.625000,63208.113281,64995.230469,64995.230469,48730828378
2021-11-11,64978.890625,65579.015625,64180.488281,64949.960938,64949.960938,35880633236
2021-11-12,64863.980469,65460.816406,62333.914063,64155.941406,64155.941406,36084893887
2021-11-13,64158.121094,64915.675781,63303.734375,64469.527344,64469.527344,30474228777
2021-11-14,64455.371094,65495.179688,63647.808594,65466.839844,65466.839844,25122092191
2021-11-15,65521.289063,66281.570313,63548.144531,63557.871094,63557.871094,30558763548
2021-11-16,63721.195313,63721.195313,59016.335938,60161.246094,60161.246094,46844335592
2021-11-17,60139.621094,60823.609375,58515.410156,60368.011719,60368.011719,39178392930
2021-11-18,60360.136719,60948.500000,56550.792969,56942.136719,56942.136719,41388338699
2021-11-19,56896.128906,58351.113281,55705.179688,58119.578125,58119.578125,38702407772
2021-11-20,58115.082031,59859.878906,57469.726563,59697.195313,59697.195313,30624264863
2021-11-21,59730.507813,60004.425781,58618.929688,58730.476563,58730.476563,26123447605
2021-11-22,58706.847656,59266.359375,55679.839844,56289.289063,56289.289063,35036121783
2021-11-23,56304.554688,57875.515625,55632.761719,57569.074219,57569.074219,37485803899
2021-11-24,57565.851563,57803.066406,55964.222656,56280.425781,56280.425781,36635566789
2021-11-25,57165.417969,59367.968750,57146.683594,57274.679688,57274.679688,34284016248
2021-11-26,58960.285156,59183.480469,53569.765625,53569.765625,53569.765625,41810748221
2021-11-27,53736.429688,55329.257813,53668.355469,54815.078125,54815.078125,30560857714
2021-11-28,54813.023438,57393.843750,53576.734375,57248.457031,57248.457031,28116886357
2021-11-29,57291.906250,58872.878906,56792.527344,57806.566406,57806.566406,32370840356
2021-11-30,57830.113281,59113.402344,56057.281250,57005.425781,57005.425781,36708594618
2021-12-01,56907.964844,59041.683594,56553.082031,57229.828125,57229.828125,36858195307
2021-12-02,57217.371094,57349.234375,55895.132813,56477.816406,56477.816406,32379968686
2021-12-03,56509.164063,57482.167969,52496.585938,53598.246094,53598.246094,39789134215
2021-12-04,53727.878906,53904.679688,42874.617188,49200.703125,49200.703125,61385677469
2021-12-05,49201.519531,49768.148438,47857.496094,49368.847656,49368.847656,37198201161
2021-12-06,49413.480469,50929.519531,47281.035156,50582.625000,50582.625000,37707308001
2021-12-07,50581.828125,51934.781250,50175.808594,50700.085938,50700.085938,33676814852
2021-12-08,50667.648438,51171.375000,48765.988281,50504.796875,50504.796875,28479699446
2021-12-09,50450.082031,50797.164063,47358.351563,47672.121094,47672.121094,29603577251
2021-12-10,47642.144531,50015.253906,47023.699219,47243.304688,47243.304688,30966005122
2021-12-11,47264.632813,49458.210938,46942.347656,49362.507813,49362.507813,25775869261
2021-12-12,49354.855469,50724.867188,48725.851563,50098.335938,50098.335938,21939223599
2021-12-13,50114.742188,50205.000000,45894.847656,46737.480469,46737.480469,32166727776
2021-12-14,46709.824219,48431.398438,46424.496094,46612.632813,46612.632813,34638619079
2021-12-15,48379.753906,49473.957031,46671.964844,48896.722656,48896.722656,36541828520
2021-12-16,48900.464844,49425.574219,47529.878906,47665.425781,47665.425781,27268150947
2021-12-17,47653.730469,48004.894531,45618.214844,46202.144531,46202.144531,32902725329
2021-12-18,46219.253906,47313.828125,45598.441406,46848.777344,46848.777344,26098292690
2021-12-19,46853.867188,48089.664063,46502.953125,46707.015625,46707.015625,25154053861
2021-12-20,46707.062500,47401.718750,45579.808594,46880.277344,46880.277344,30961902129
2021-12-21,46886.078125,49300.917969,46698.773438,48936.613281,48936.613281,27055803928
2021-12-22,48937.097656,49544.796875,48450.941406,48628.511719,48628.511719,24447979559
2021-12-23,48626.343750,51332.339844,48065.835938,50784.539063,50784.539063,28223878108
2021-12-24,50806.050781,51814.027344,50514.496094,50822.195313,50822.195313,24367912228
2021-12-25,50854.917969,51176.597656,50236.707031,50429.859375,50429.859375,19030650914
2021-12-26,50428.691406,51196.378906,49623.105469,50809.515625,50809.515625,20964372926
2021-12-27,50802.609375,51956.328125,50499.468750,50640.417969,50640.417969,24324345758
2021-12-28,50679.859375,50679.859375,47414.210938,47588.855469,47588.855469,33430376883
2021-12-29,47623.871094,48119.742188,46201.496094,46444.710938,46444.710938,30049226299
2021-12-30,46490.605469,47879.964844,46060.312500,47178.125000,47178.125000,26686491018
2021-12-31,47169.371094,48472.527344,45819.953125,46306.445313,46306.445313,36974172400
2022-01-01,46311.746094,47827.312500,46288.484375,47686.812500,47686.812500,24582667004
2022-01-02,47680.925781,47881.406250,46856.937500,47345.218750,47345.218750,27951569547
2022-01-03,47343.542969,47510.726563,45835.964844,46458.117188,46458.117188,33071628362
2022-01-04,46458.851563,47406.546875,45752.464844,45897.574219,45897.574219,42494677905
2022-01-05,45899.359375,46929.046875,42798.222656,43569.003906,43569.003906,36851084859
2022-01-06,43565.511719,43748.718750,42645.539063,43160.929688,43160.929688,30208048289
2022-01-07,43153.570313,43153.570313,41077.445313,41557.902344,41557.902344,84196607520
2022-01-08,41561.464844,42228.941406,40672.277344,41733.941406,41733.941406,28066355845
2022-01-09,41734.726563,42663.949219,41338.160156,41911.601563,41911.601563,21294384372
2022-01-10,41910.230469,42199.484375,39796.570313,41821.261719,41821.261719,32104232331
2022-01-11,41819.507813,43001.156250,41407.753906,42735.855469,42735.855469,26327648900
2022-01-12,42742.179688,44135.367188,42528.988281,43949.101563,43949.101563,33499938689
2022-01-13,43946.742188,44278.421875,42447.042969,42591.570313,42591.570313,47691135082
2022-01-14,42598.871094,43346.687500,41982.617188,43099.699219,43099.699219,23577403399
2022-01-15,43101.898438,43724.671875,42669.035156,43177.398438,43177.398438,18371348298
2022-01-16,43172.039063,43436.808594,42691.023438,43113.878906,43113.878906,17902097845
2022-01-17,43118.121094,43179.390625,41680.320313,42250.550781,42250.550781,21690904261
2022-01-18,42250.074219,42534.402344,41392.214844,42375.632813,42375.632813,22417209227
2022-01-19,42374.039063,42478.304688,41242.914063,41744.328125,41744.328125,23091543258
2022-01-20,41744.027344,43413.023438,40672.824219,40680.417969,40680.417969,20382033940
2022-01-21,40699.605469,41060.527344,35791.425781,36457.316406,36457.316406,43011992031
2022-01-22,36471.589844,36688.812500,34349.250000,35030.250000,35030.250000,39714385405
2022-01-23,35047.359375,36433.312500,34784.968750,36276.804688,36276.804688,26017975951
2022-01-24,36275.734375,37247.519531,33184.058594,36654.328125,36654.328125,41856658597
2022-01-25,36654.804688,37444.570313,35779.429688,36954.003906,36954.003906,26428189594
2022-01-26,36950.515625,38825.410156,36374.906250,36852.121094,36852.121094,31324598034
2022-01-27,36841.878906,37148.324219,35629.281250,37138.234375,37138.234375,25041426629
2022-01-28,37128.445313,37952.878906,36211.109375,37784.332031,37784.332031,22238830523
2022-01-29,37780.714844,38576.261719,37406.472656,38138.179688,38138.179688,17194183075
2022-01-30,38151.917969,38266.339844,37437.710938,37917.601563,37917.601563,14643548444
2022-01-31,37920.281250,38647.261719,36733.574219,38483.125000,38483.125000,20734730465
2022-02-01,38481.765625,39115.132813,38113.664063,38743.273438,38743.273438,20288500328
2022-02-02,38743.714844,38834.617188,36832.730469,36952.984375,36952.984375,19155189416
2022-02-03,36944.804688,37154.601563,36375.539063,37154.601563,37154.601563,18591534769
2022-02-04,37149.265625,41527.785156,37093.628906,41500.875000,41500.875000,29412210792
2022-02-05,41501.480469,41847.164063,41038.097656,41441.164063,41441.164063,19652846215
2022-02-06,41441.121094,42500.785156,41244.906250,42412.433594,42412.433594,16142097334
2022-02-07,42406.781250,44401.863281,41748.156250,43840.285156,43840.285156,28641855926
2022-02-08,43854.652344,45293.867188,42807.835938,44118.445313,44118.445313,33079398868
2022-02-09,44096.703125,44727.800781,43232.968750,44338.796875,44338.796875,23245887300
2022-02-10,44347.800781,45661.171875,43402.808594,43565.113281,43565.113281,32142048537
2022-02-11,43571.128906,43810.832031,42114.539063,42407.937500,42407.937500,26954925781
2022-02-12,42412.300781,42992.550781,41852.574219,42244.468750,42244.468750,18152390304
2022-02-13,42236.566406,42693.054688,41950.941406,42197.515625,42197.515625,14741589015
2022-02-14,42157.398438,42775.777344,41681.957031,42586.917969,42586.917969,20827783012
2022-02-15,42586.464844,44667.218750,42491.035156,44575.203125,44575.203125,22721659051
2022-02-16,44578.277344,44578.277344,43456.691406,43961.859375,43961.859375,19792547657
2022-02-17,43937.070313,44132.972656,40249.371094,40538.011719,40538.011719,26246662813
2022-02-18,40552.132813,40929.152344,39637.617188,40030.976563,40030.976563,23310007704
2022-02-19,40026.023438,40418.878906,39713.058594,40122.156250,40122.156250,13736557863
2022-02-20,40118.101563,40119.890625,38112.812500,38431.378906,38431.378906,18340576452
2022-02-21,38423.210938,39394.437500,36950.476563,37075.281250,37075.281250,29280402798
2022-02-22,37068.769531,38359.855469,36488.933594,38286.027344,38286.027344,25493150450
2022-02-23,38285.281250,39122.394531,37201.816406,37296.570313,37296.570313,21849073843
2022-02-24,37278.566406,38968.839844,34459.218750,38332.609375,38332.609375,46383802093
2022-02-25,38333.746094,39630.324219,38111.343750,39214.218750,39214.218750,26545599159
2022-02-26,39213.082031,40005.347656,38702.535156,39105.148438,39105.148438,17467554129
2022-02-27,39098.699219,39778.941406,37268.976563,37709.785156,37709.785156,23450127612
2022-02-28,37706.000000,43760.457031,37518.214844,43193.234375,43193.234375,35690014104
2022-03-01,43194.503906,44793.601563,42952.585938,44354.636719,44354.636719,32479047645
2022-03-02,44357.617188,45077.578125,43432.851563,43924.117188,43924.117188,29183112630
2022-03-03,43925.195313,44021.578125,41914.750000,42451.789063,42451.789063,24967782593
2022-03-04,42458.140625,42479.613281,38805.847656,39137.605469,39137.605469,28516271427
2022-03-05,39148.449219,39566.335938,38777.035156,39400.585938,39400.585938,16975917450
2022-03-06,39404.199219,39640.175781,38211.648438,38419.984375,38419.984375,19745229902
2022-03-07,38429.304688,39430.226563,37260.203125,38062.039063,38062.039063,28546143503
2022-03-08,38059.902344,39304.441406,37957.386719,38737.269531,38737.269531,25776583476
2022-03-09,38742.816406,42465.671875,38706.093750,41982.925781,41982.925781,32284121034
2022-03-10,41974.070313,42004.726563,38832.941406,39437.460938,39437.460938,31078064711
2022-03-11,39439.968750,40081.679688,38347.433594,38794.972656,38794.972656,26364890465
2022-03-12,38794.464844,39308.597656,38772.535156,38904.011719,38904.011719,14616450657
2022-03-13,38884.726563,39209.351563,37728.144531,37849.664063,37849.664063,17300745310
2022-03-14,37846.316406,39742.500000,37680.734375,39666.753906,39666.753906,24322159070
2022-03-15,39664.250000,39794.628906,38310.210938,39338.785156,39338.785156,23934000868
2022-03-16,39335.570313,41465.453125,39022.347656,41143.929688,41143.929688,39616916192
2022-03-17,41140.843750,41287.535156,40662.871094,40951.378906,40951.378906,22009601093
2022-03-18,40944.839844,42195.746094,40302.398438,41801.156250,41801.156250,34421564942
2022-03-19,41794.648438,42316.554688,41602.667969,42190.652344,42190.652344,19664853187
2022-03-20,42191.406250,42241.164063,41004.757813,41247.824219,41247.824219,20127946682
2022-03-21,41246.132813,41454.410156,40668.042969,41077.996094,41077.996094,24615543271
2022-03-22,41074.105469,43124.707031,40948.281250,42358.808594,42358.808594,32004652376
2022-03-23,42364.378906,42893.507813,41877.507813,42892.957031,42892.957031,25242943069
2022-03-24,42886.652344,44131.855469,42726.164063,43960.933594,43960.933594,31042992291
2022-03-25,43964.546875,44999.492188,43706.285156,44348.730469,44348.730469,30574413034
2022-03-26,44349.859375,44735.996094,44166.273438,44500.828125,44500.828125,16950455995
2022-03-27,44505.355469,46827.546875,44437.292969,46820.492188,46820.492188,28160889722
2022-03-28,46821.851563,48086.835938,46690.203125,47128.003906,47128.003906,36362175703
2022-03-29,47100.437500,48022.289063,47100.437500,47465.730469,47465.730469,31397059069
2022-03-30,47456.898438,47655.148438,46746.210938,47062.664063,47062.664063,29333883962
2022-03-31,47062.148438,47512.027344,45390.539063,45538.675781,45538.675781,33327427106
2022-04-01,45554.164063,46616.242188,44403.140625,46281.644531,46281.644531,38162644287
2022-04-02,46285.500000,47028.281250,45782.511719,45868.949219,45868.949219,29336594194
2022-04-03,45859.128906,47313.476563,45634.105469,46453.566406,46453.566406,25414397610
2022-04-04,46445.273438,46791.089844,45235.816406,46622.675781,46622.675781,32499785455
2022-04-05,46624.507813,47106.140625,45544.808594,45555.992188,45555.992188,29640604055
2022-04-06,45544.355469,45544.355469,43193.953125,43206.738281,43206.738281,39393395788
2022-04-07,43207.500000,43860.699219,42899.906250,43503.847656,43503.847656,26101973106
2022-04-08,43505.136719,43903.019531,42183.289063,42287.664063,42287.664063,27215995394
2022-04-09,42282.078125,42786.816406,42183.253906,42782.136719,42782.136719,16050772496
2022-04-10,42781.089844,43376.378906,42021.207031,42207.671875,42207.671875,17654475582
2022-04-11,42201.039063,42424.589844,39373.058594,39521.902344,39521.902344,33949912166
2022-04-12,39533.714844,40617.585938,39388.328125,40127.183594,40127.183594,30991500854
2022-04-13,40123.570313,41430.054688,39712.746094,41166.730469,41166.730469,27691105228
2022-04-14,41160.218750,41451.480469,39695.746094,39935.515625,39935.515625,24342001973
2022-04-15,39939.402344,40617.722656,39866.832031,40553.464844,40553.464844,21756855753
2022-04-16,40552.316406,40633.679688,40078.425781,40424.484375,40424.484375,16833150693
2022-04-17,40417.777344,40570.726563,39620.894531,39716.953125,39716.953125,19087633042
2022-04-18,39721.203125,40986.320313,38696.191406,40826.214844,40826.214844,33705182072
2022-04-19,40828.175781,41672.960938,40618.632813,41502.750000,41502.750000,25303206547
2022-04-20,41501.746094,42126.300781,40961.097656,41374.378906,41374.378906,27819532341
2022-04-21,41371.515625,42893.582031,40063.828125,40527.363281,40527.363281,35372786395
2022-04-22,40525.863281,40777.757813,39315.417969,39740.320313,39740.320313,28011716745
2022-04-23,39738.722656,39935.859375,39352.203125,39486.730469,39486.730469,16138021249
2022-04-24,39478.375000,39845.925781,39233.539063,39469.292969,39469.292969,17964398167
2022-04-25,39472.605469,40491.753906,38338.378906,40458.308594,40458.308594,35445730570
2022-04-26,40448.421875,40713.890625,37884.984375,38117.460938,38117.460938,34569088416
2022-04-27,38120.300781,39397.917969,37997.312500,39241.121094,39241.121094,30981015184
2022-04-28,39241.429688,40269.464844,38941.421875,39773.828125,39773.828125,33903704907
2022-04-29,39768.617188,39887.269531,38235.535156,38609.824219,38609.824219,30882994649
2022-04-30,38605.859375,38771.210938,37697.941406,37714.875000,37714.875000,23895713731
2022-05-01,37713.265625,38627.859375,37585.789063,38469.093750,38469.093750,27002760110
2022-05-02,38472.187500,39074.972656,38156.562500,38529.328125,38529.328125,32922642426
2022-05-03,38528.109375,38629.996094,37585.621094,37750.453125,37750.453125,27326943244
2022-05-04,37748.011719,39902.949219,37732.058594,39698.371094,39698.371094,36754404490
2022-05-05,39695.746094,39789.281250,35856.515625,36575.140625,36575.140625,43106256317
2022-05-06,36573.183594,36624.359375,35482.132813,36040.921875,36040.921875,37795577489
2022-05-07,36042.503906,36129.925781,34940.824219,35501.953125,35501.953125,24375896406
2022-05-08,35502.941406,35502.941406,33878.964844,34059.265625,34059.265625,36763041910
2022-05-09,34060.015625,34222.074219,30296.953125,30296.953125,30296.953125,63355494961
2022-05-10,30273.654297,32596.308594,29944.802734,31022.906250,31022.906250,59811038817
2022-05-11,31016.183594,32013.402344,28170.414063,28936.355469,28936.355469,70388855818
2022-05-12,28936.734375,30032.439453,26350.490234,29047.751953,29047.751953,66989173272
2022-05-13,29030.910156,30924.802734,28782.330078,29283.103516,29283.103516,42841124537
2022-05-14,29285.642578,30192.802734,28702.910156,30101.265625,30101.265625,28579868620
2022-05-15,30098.585938,31308.191406,29527.740234,31305.113281,31305.113281,25835372065
2022-05-16,31304.375000,31305.341797,29251.884766,29862.917969,29862.917969,32613897286
2022-05-17,29862.408203,30694.490234,29570.302734,30425.857422,30425.857422,29101473475
2022-05-18,30424.478516,30618.716797,28720.271484,28720.271484,28720.271484,31285268319
2022-05-19,28720.359375,30430.751953,28708.955078,30314.333984,30314.333984,33773447707
2022-05-20,30311.119141,30664.976563,28793.605469,29200.740234,29200.740234,30749382605
2022-05-21,29199.859375,29588.869141,29027.394531,29432.226563,29432.226563,17274840442
2022-05-22,29432.472656,30425.861328,29275.183594,30323.722656,30323.722656,21631532270
2022-05-23,30254.687500,30589.654297,30070.345703,30310.882813,30310.882813,25193095168