snapped_at,price,market_cap,total_volume
2014-07-31,583.1821057,7630850376,23252091.39
2014-08-01,593.8655274,7773046502,22927176.8
2014-08-02,588.2306992,7701689838,9260582.608
2014-08-03,585.5731941,7669135008,9179432.126
2014-08-04,586.3686859,7681459104,11325982.79
2014-08-05,582.4186268,7631722476,13046784.25
2014-08-06,583.325,7645917854,12769922.2
2014-08-07,587.203159,7699128900,11942668.46
2014-08-08,590.9072702,7749970439,12277588.53
2014-08-09,588.107856,7716004476,7934876.355
2014-08-10,588.5004826,7723612746,8504716.676
2014-08-11,573.4063,7528222642,16394404.86
2014-08-12,567.4023482,7451879445,15825348.32
2014-08-13,543.6675,7142146356,36644669.93
2014-08-14,503.7088,6619438824,46265624.63
2014-08-15,492.2844983,6470895123,31123413.36
2014-08-16,521.0463,6851511348,27941383.43
2014-08-17,494.7813,6508254264,28596111.8
2014-08-18,459.8863,6051494359,60758484.53
2014-08-19,484.155,6373125927,45173284.03
2014-08-20,514.1863,6770599524,55122051.11
2014-08-21,515.605,6791368598,47111104.08
2014-08-22,515.8263,6796320998,34159957.6
2014-08-23,496.5688,6544627813,23986341.56
2014-08-24,508.1138,6698642065,18509793.27
2014-08-25,500.3863,6598469042,15737842.72
2014-08-26,510.6388,6735887475,21288943.92
2014-08-27,510.4463,6735479301,21505988.92
2014-08-28,506.915,6691049888,18467248.49
2014-08-29,508.0963,6708840033,16001723.63
2014-08-30,501.53,6624308546,10747408.66
2014-08-31,480.0263,6342575501,43358429.76
2014-09-01,475.82,6288710717,19343751.81
2014-09-02,474.6938,6275487638,21083352.22
2014-09-03,474.7263,6277994218,14233663.71
2014-09-04,489.5475,6475917910,23597497.06
2014-09-05,480.2425,6354592772,14058803.05
2014-09-06,482.3588,6384706079,9776900.705
2014-09-07,480.6025,6363333296,7748654.383
2014-09-08,471.125,6239603056,27618107.42
2014-09-09,471.7538,6249605641,20218609.3
2014-09-10,477.1138,6322521232,20792329.42
2014-09-11,476.3775,6314752955,14579193.13
2014-09-12,473.6875,6280918617,13395857.32
2014-09-13,476.0013,6313764543,14007703
2014-09-14,474.795,6299010306,11468703.33
2014-09-15,473.0313,6278083239,12723496.88
2014-09-16,462.5925,6141505243,16956832.82
2014-09-17,454.6238,6037835957,23179362.99
2014-09-18,423.565,5627251629,48338347.98
2014-09-19,393.2625,5226301320,47766762.16
2014-09-20,408.5025,5430693510,47847915.32
2014-09-21,396.62,5274312253,32843840.16
2014-09-22,398.3113,5298466364,24225299.21
2014-09-23,433.7513,5771559860,57448184.25
2014-09-24,420.92,5602424154,32689372.44
2014-09-25,407.9775,5431965427,30733509.97
2014-09-26,402.88,5365475264,23707503.07
2014-09-27,398.0075,5301867858,16698720.05
2014-09-28,375.9888,5009825167,29504744.83
2014-09-29,373.0888,4972406273,37668363.04
2014-09-30,387.3513,5164012591,34519038.81
2014-10-01,380.895,5079406228,26019381.16
2014-10-02,371.8413,4959944621,19867284.51
2014-10-03,356.19,4752500694,29080111.34
2014-10-04,327.8813,4376051376,44971218.62
2014-10-05,325.11,4340421694,81809696.99
2014-10-06,328.73,4390074095,75997580.14
2014-10-07,331.7238,4431199693,43924704.46
2014-10-08,353.3901,4721892499,50777426.83
2014-10-09,358.395,4790047734,80036548.34
2014-10-10,357.555,4780224306,42046080.75
2014-10-11,359.515,4807704216,32266988.41
2014-10-12,374.1675,5005060918,30739066.02
2014-10-13,387.0388,5178714608,55435747.92
2014-10-14,398.2888,5330587770,71417120.07
2014-10-15,392.19,5250404406,49257724.14
2014-10-16,379.3913,5080504777,48941848.67
2014-10-17,380.2925,5093875428,38063635.9
2014-10-18,389.1163,5213672025,43799624.06
2014-10-19,386.945,5185875585,32870166.1
2014-10-20,379.77,5090987746,32186402.18
2014-10-21,382.4138,5127920489,33195457.63
2014-10-22,379.4425,5089595057,22279085.76
2014-10-23,356.2,4779135400,48354309.49
2014-10-24,354.3175,4755312883,32650701.35
2014-10-25,347.0304941,4658797625,35098508.12
2014-10-26,350.1888,4702361471,27618300.83
2014-10-27,348.29,4678274816,40322147.38
2014-10-28,351.5638,4723453013,26517269.32
2014-10-29,333.1475,4477252539,43376134.31
2014-10-30,343.6675,4620136995,59854847.08
2014-10-31,336.5879758,4526519246,30524273.86
2014-11-01,323.9763,4358250679,38569972.59
2014-11-02,323.985,4359606957,28711350.71
2014-11-03,323.995,4361102298,40772300.42
2014-11-04,328.0083,4416492356,35073797.88
2014-11-05,337.5933,4546689685,44434915.11
2014-11-06,347.8183,4685738574,43131102.63
2014-11-07,341.2317,4598267773,40263476.29
2014-11-08,344.1783,4639316977,30212775.72
2014-11-09,363.4241291,4900092961,51466025.87
2014-11-10,363.765,4906043990,62274660.84
2014-11-11,366.15,4939381808,45679773.64
2014-11-12,418.5783,5648170007,234617998.9
2014-11-13,414.7083,5597421602,338849744.2
2014-11-14,395.245,5336222507,263499968.6
2014-11-15,377.3267,5095655586,99179350.35
2014-11-16,387.6233,5236180276,95731301.28
2014-11-17,384.9,5200788045,152824089.1
2014-11-18,374.8683,5066663713,109440633.1
2014-11-19,376.7883,5093942323,84367865.37
2014-11-20,355.3888346,4805825478,93722502.04
2014-11-21,349.3882854,4725799745,100624477.6
2014-11-22,351.55,4756418768,68856354.94
2014-11-23,366.7817,4963794289,71063869.31
2014-11-24,377.7417,5113527167,116848548.4
2014-11-25,375.248,5080998638,115570302.5
2014-11-26,365.766,4953852407,92282203.68
2014-11-27,368.448,4991429534,70974036.26
2014-11-28,376.951,5108072425,91254232.82
2014-11-29,374.965,5082659949,100952560.5
2014-11-30,376.472,5104546201,74926943.91
2014-12-01,379.489,5146696229,64120830.5
2014-12-02,381.3768,5173729066,66841251.27
2014-12-03,374.103,5076166197,74772912.71
2014-12-04,368.2282,4997777245,62639548.33
2014-12-05,376.379,5109881265,57857463.43
2014-12-06,373.671,5074368104,48428933.76
2014-12-07,374.448,5086108462,38514374.88
2014-12-08,361.433,4910799207,66593741.91
2014-12-09,350.928,4769269438,88924869.66
2014-12-10,346.9798718,4716905099,59696950.63
2014-12-11,346.909,4717173182,118502898.8
2014-12-12,351.502,4780796277,50698218.4
2014-12-13,347.484,4727528507,38735004.41
2014-12-14,350.133,4764706151,44354135.29
2014-12-15,344.615,4690951072,30644200.62
2014-12-16,328.534,4473187530,71798679.48
2014-12-17,318.828,4342046796,76239460.27
2014-12-18,309.765,4219673039,90976235.79
2014-12-19,317.54,4326569824,60607669.35
2014-12-20,328.774,4480153982,64328493.85
2014-12-21,319.501,4353792202,58024786.31
2014-12-22,329.886,4498284260,51126866.97
2014-12-23,333.97,4555334102,58571793.11
2014-12-24,322.194,4395934388,37974791.62
2014-12-25,318.166,4342234118,75362825.06
2014-12-26,327.7169709,4473844614,93256490.21
2014-12-27,314.568,4295536139,145862961.1
2014-12-28,316.491,4322768587,67051620.39
2014-12-29,312.633,4271645364,99471184.47
2014-12-30,310.079,4237996981,71609763.02
2014-12-31,317.379,4338943850,71036111.35
2015-01-01,313.992,4293958347,46999364.09
2015-01-02,314.446,4301448335,38855906.3
2015-01-03,286.572,3921358112,118778941.4
2015-01-04,260.936,3571639781,205500149
2015-01-05,273.22,3740880427,155038125.5
2015-01-06,285.3738,3908408221,97002895.98
2015-01-07,295.8725,4053238742,110674233
2015-01-08,284.4525,3897824162,86570544.47
2015-01-09,289.5738,3968992614,83478400.28
2015-01-10,274.533,3763909200,92683835.63
2015-01-11,267.184,3664201454,73256737.91
2015-01-12,268.3536677,3681154854,78982214.89
2015-01-13,221.436,3038251389,215752219.9
2015-01-14,172.1479,2362639550,236006920.8
2015-01-15,210.5559,2890521923,257637517.3
2015-01-16,205.816,2826188131,176217465.5
2015-01-17,199.4914,2740019366,106431481.1
2015-01-18,208.9892,2871292169,118664232.7
2015-01-19,214.545,2948379299,105545327.3
2015-01-20,210.5137,2893626589,94312137.94
2015-01-21,224.0451,3080429687,99166469.2
2015-01-22,232.0423,3191202338,151229886.4
2015-01-23,232.898,3203686664,126038219.2
2015-01-24,248.096,3413521852,134933345.1
2015-01-25,253.8389,3493324596,142426844.9
2015-01-26,271.2882,3734336331,401755946.5
2015-01-27,259.2356,3568728002,339951744.7
2015-01-29,232.5329422,3203612158,161971565.5
2015-01-30,228.6354,3150704414,105832532.6
2015-01-31,218.0233,3005342179,92459195.63
2015-02-01,226.2697,3119897131,100844154.3
2015-02-02,240.0193,3310466195,108043831.2
2015-02-03,226.0119,3117998019,135790231.9
2015-02-04,225.3083,3109175682,83155505.16
2015-02-05,216.9136,2994172300,74142168.01
2015-02-06,222.4872,3072075447,88164946.84
2015-02-07,227.2051,3138151161,80694160.19
2015-02-08,222.9061,3079497925,76979240.31
2015-02-09,220.0922,3041547651,79154588.47
2015-02-10,220.6493,3049996660,66708973.92
2015-02-11,219.0956,3029418429,65150873.75
2015-02-12,222.0401588,3070809845,51632481.44
2015-02-13,235.6774,3260249205,137045816.2
2015-02-14,259.0086,3584044453,165435433.7
2015-02-15,232.9962,3224923704,199965387.7
2015-02-16,235.9199,3266299220,128976205
2015-02-17,242.4568,3357729670,121468767.5
2015-02-18,234.6238,3250184845,88821471.78
2015-02-19,240.2988,3329826479,71396084.82
2015-02-20,244.0821,3383185376,80482172.1
2015-02-21,244.1459,3384954727,64143296.2
2015-02-22,235.553,3266702003,74180476.07
2015-02-23,238.1319,3303312137,61755698.93
2015-02-24,238.7314,3312404143,58732103.48
2015-02-25,237.378,3294575196,57584610.06
2015-02-26,236.1711558,3278687400,44991044.51
2015-02-27,253.8991,3525782547,137186494.7
2015-02-28,253.5991,3522504179,85884430.31
2015-03-01,257.7075,3580465594,58106060.44
2015-03-02,269.9615,3751796695,93658288.67
2015-03-03,280.6242,3901083285,128754965.9
2015-03-04,273.0193,3796353843,119553920
2015-03-05,274.8255,3822334890,98543018.35
2015-03-06,272.3413,3788784931,74704492.04
2015-03-07,275.5846387,3834877371,50059694.68
2015-03-08,274.578,3821054906,45050575.23
2015-03-09,289.2957,4027806172,111062141.1
2015-03-10,290.3057,4043022165,129285347.5
2015-03-11,295.961,4122115212,73794326.12
2015-03-12,293.9203,4095470764,65277495.59
2015-03-13,288.0365,4014523121,67739327.35
2015-03-14,281.4887,3924198781,63244191.83
2015-03-15,285.2645,3977863689,32203956.62
2015-03-16,290.0955,4046186763,60818266.22
2015-03-17,284.3491,3967004055,50540130.75
2015-03-18,255.6062,3566978131,123648767.8
2015-03-19,260.0037,3629235646,133194355.1
2015-03-20,260.9075,3642718765,59404464.5
2015-03-21,259.4899,3623906198,54148215.13
2015-03-22,267.7981,3740905134,51503307.07
2015-03-23,266.0272,3717118257,73040649.64
2015-03-24,245.1679,3426730126,153991184.3
2015-03-25,246.2715,3443109528,175875957.6
2015-03-26,247.5595,3462026773,148675593.3
2015-03-27,247.1476,3457360134,90325941.06
2015-03-28,252.0497,3526137496,82125758.56
2015-03-29,241.9137,3384336376,84472855.79
2015-03-30,246.5418,3449082801,96641741.12
2015-03-31,243.2692,3403299618,76545513.49
2015-04-01,246.7755,3456621445,78230800.05
2015-04-02,252.341,3535619145,95206093.36
2015-04-03,253.6227,3554522140,94243302.29
2015-04-04,253.3213,3551247974,63959131.2
2015-04-05,259.7118,3641795730,82969308.75
2015-04-06,255.4233,3582471422,83832524.04
2015-04-07,253.2085,3551882234,88508043.43
2015-04-08,244.2709,3427768045,106548662.3
2015-04-09,243.2006549,3413570472,93749435.17
2015-04-10,234.5253,3292518276,110710603.1
2015-04-11,236.4501,3319540688,87634999.72
2015-04-12,235.7386,3309551886,62271722.26
2015-04-13,223.9464,3146530900,87796699.15
2015-04-14,217.9995,3063792223,109539415.1
2015-04-15,223.0161,3134965195,71588917.36
2015-04-16,227.9995,3205775570,88471192.54
2015-04-17,222.4171383,3127985666,101386584.1
2015-04-18,222.9537,3136367732,70165374.02
2015-04-19,222.6812,3133241392,58633108.41
2015-04-20,224.3086,3157115506,63561423.22
2015-04-21,234.6867,3304071909,80763824.95
2015-04-22,233.7807,3292205019,72515582.87
2015-04-23,235.1735,3312571610,55130032.4
2015-04-24,230.9863,3254290910,73282646.19
2015-04-25,225.9568,3184369640,58830426.89
2015-04-26,218.5065,3080176877,96999963.63
2015-04-27,228.5712,3222813920,95409417.49
2015-04-28,225.6423,3182408230,71643965.12
2015-04-29,225.9978,3188139665,56781693.78
2015-04-30,236.2208,3333116827,103785827.3
2015-05-01,232.7403,3284896594,74708330.71
2015-05-02,235.1563,3319854339,61431426.39
2015-05-03,239.882,3387421698,86630763.25
2015-05-04,238.9706,3375292446,84138462.79
2015-05-05,236.0015,3334246892,71871894.07
2015-05-06,229.8152,3246886599,70623213.74
2015-05-07,236.845,3346205371,74887945.16
2015-05-08,243.657,3442447010,79882346.23
2015-05-09,241.5321,3412425892,79529081.71
2015-05-10,239.5548,3384490103,67810639.81
2015-05-11,241.8506,3416925739,70787411.31
2015-05-12,241.5189,3412239399,60882937.63
2015-05-13,235.4793,3326910420,50100818.29
2015-05-14,236.704,3344213288,56975125.5
2015-05-15,236.9908,3348265270,39256136.3
2015-05-16,235.9781,3333957591,26856157.04
2015-05-17,236.0847,3335463663,24401603.48
2015-05-18,232.4757,3284474809,33772801.86
2015-05-19,231.9446,3276971295,31085021.51
2015-05-20,234.048,3306688656,28778007.29
2015-05-21,235.4205,3326079679,27373179.76
2015-05-22,240.9352,3419033119,54518478.96
2015-05-23,239.0329941,3392690898,47757592.66
2015-05-24,241.2417,3424926508,29761665.98
2015-05-25,237.441,3371792793,30834563.23
2015-05-26,237.4971,3373426621,30268982.76
2015-05-27,237.2305,3370470121,30728765.83
2015-05-28,237.4891,3374927914,26801090.33
2015-05-29,237.0714,3369940317,31108417.13
2015-05-30,233.4572,3319341161,31403744.86
2015-05-31,229.6785,3266430207,23353985.65
2015-06-01,223.3178,3176729203,43602264.82
2015-06-02,225.7387,3212024675,32062237.06
2015-06-03,225.4831,3208477949,30472196.12
2015-06-04,224.1748,3189861690,29003069.46
2015-06-05,224.7413,3197922617,32252691.59
2015-06-06,225.2889,3205714609,18238445.74
2015-06-07,223.6157,3181906061,24133822.47
2015-06-08,228.7013,3254270843,40449914.19
2015-06-09,229.5264,3266011480,36746856.38
2015-06-10,229.0022,3258552455,29194036.77
2015-06-11,229.9343,3271815632,28833233.41
2015-06-12,230.5181,3280122726,29722314.85
2015-06-13,232.6301,3310175113,29012321.27
2015-06-14,233.6681,3324945179,35303170.71
2015-06-15,237.2013,3375220318,46839294.42
2015-06-16,250.4743,3564086481,96364192.87
2015-06-17,247.6944,3524530311,100630046.4
2015-06-18,248.552,3536733401,67360540.68
2015-06-19,242.9967,3457685093,60767655.66
2015-06-20,245.4754,3492955383,55692672.67
2015-06-21,243.9959,3488836375,26531885.05
2015-06-22,247.279,3536683170,41166801.75
2015-06-23,243.8486,3488498072,37387508.43
2015-06-24,240.5377,3442040366,39616260.3
2015-06-25,242.4769,3470729480,34244051.08
2015-06-26,242.4819,3471728541,34005665.06
2015-06-27,250.621,3589074420,49080095.22
2015-06-28,248.3451,3557369716,40522516.66
2015-06-29,256.303874,3672257830,73197757.01
2015-06-30,262.4063255,3760650013,99893250.07
2015-07-01,257.5058,3691294142,68104997.64
2015-07-02,254.6537509,3651410105,52711167.63
2015-07-03,255.161,3659678538,42339288.97
2015-07-04,260.415,3736024266,42932957.08
2015-07-05,271.0401208,3889432509,96139966.49
2015-07-06,268.595,3855533498,111884711.2
2015-07-07,265.384452,3810376692,64748934.31
2015-07-08,269.6130164,3871966451,79366281.26
2015-07-09,268.8928,3862503903,75940632.2
2015-07-10,285.0223,4095521056,113799594.1
2015-07-11,291.8907432,4195301868,114394387.2
2015-07-12,310.1915636,4459352693,115546321.2
2015-07-13,290.6655,4179711757,130058766.8
2015-07-14,286.6654,4122384618,74446013.37
2015-07-15,283.9491881,4084701354,52932167.7
2015-07-16,276.6801,3981564979,97423601.54
2015-07-17,278.3728,4007009432,60573486.78
2015-07-18,274.4839,3951120257,52505422.18
2015-07-19,272.8061796,3926969933,26896009.89
2015-07-20,277.2454,3993823954,40729476.38
2015-07-21,274.9428877,3961652068,43239135.23
2015-07-22,276.1756,3980470592,43240737.35
2015-07-23,275.6135,3973299339,34164576.52
2015-07-24,288.4447168,4158911305,79396118.75
2015-07-25,288.3881586,4158095826,54859994.56
2015-07-26,291.7037645,4205901558,40248392.33
2015-07-27,292.6148,4219037232,63540197.33
2015-07-28,293.9933,4238912997,63623601.6
2015-07-29,288.7194991,4162873226,52624701.47
2015-07-30,286.8366,4135724833,43880110.29
2015-07-31,283.6760591,4090154891,63971590.59
2015-08-01,280.7014,4047265066,53533745.83
2015-08-02,281.7267,4062048251,46165536.82
2015-08-03,281.8298708,4063535809,41411646.71
2015-08-04,284.2393,4098275923,48308760.91
2015-08-05,281.4010624,4057353078,43424335.53
2015-08-06,278.0134,4008508407,41914107.68
2015-08-07,278.5088138,4015651480,47637462.17
2015-08-08,259.8007284,3745910822,80056217
2015-08-09,264.3384834,3811337989,67863178.91
2015-08-10,263.5782,3817350355,60783290.22
2015-08-11,269.8668,3909600812,64124893
2015-08-12,267.7126,3879202424,73043602.39
2015-08-13,263.6558186,3821420844,57163446.8
2015-08-14,265.1281,3843674745,61280618.56
2015-08-15,260.4762323,3777139797,38131976.87
2015-08-16,257.8158,3739450599,55868003.65
2015-08-17,257.0634,3729475807,51730292.4
2015-08-18,253.0766,3672268004,49833133.8
2015-08-19,225.9602,3279919634,143390129.3
2015-08-20,234.6379,3406737000,99655604.53
2015-08-21,232.3324,3374233145,62180213.61
2015-08-22,229.1488,3328896176,102329840.3
2015-08-23,227.2454,3302029053,72465770.67
2015-08-24,210.0943851,3053595830,139379271.3
2015-08-25,221.3283,3217665292,183422133
2015-08-26,225.2666,3275815634,144278489.5
2015-08-27,222.9704,3243160211,69900344.07
2015-08-28,231.6583,3370431355,95134718.76
2015-08-29,228.4683,3324950575,56654306.07
2015-08-30,228.0672,3319968529,54615311.64
2015-08-31,230.0781,3350144206,58032869.77
2015-09-01,227.1631,3308579440,61479340.24
2015-09-02,228.6428,3331062657,47781609.22
2015-09-03,226.5658,3301579143,43765322.15
2015-09-04,230.0509,3353296685,55274502.38
2015-09-05,234.7495,3422635973,58712579.1
2015-09-06,239.1289,3487336313,70113446.3
2015-09-07,240.503,3508277387,50336412.98
2015-09-08,243.5587,3553698013,67754768.56
2015-09-09,237.9452,3472697170,55993048.12
2015-09-10,238.7763,3485799693,48531118.88
2015-09-11,240.0007956,3504653619,44294574.35
2015-09-12,234.9098,3431133648,40541222.5
2015-09-13,230.5048,3367623264,46253457.41
2015-09-14,230.21,3364179590,52117340.61
2015-09-15,229.9118,3360764475,58562863.2
2015-09-16,228.464,3340446395,51089489.85
2015-09-17,232.746,3403177100,54594105.83
2015-09-18,232.354,3399002107,79606359.73
2015-09-19,231.2733,3383904198,39022087.91
2015-09-20,230.6597,3375670111,36477159.26
2015-09-21,226.4528,3314850054,36795275.82
2015-09-22,229.8831,3365879385,71785978.84
2015-09-23,229.8658,3366614507,53526673.24
2015-09-24,233.9255,3426856523,124125639.3
2015-09-25,234.9767,3443254571,115435785.5
2015-09-26,234.5279,3437534062,93607431.45
2015-09-27,232.8347,3413577895,75776526.64
2015-09-28,239.2765,3508852289,245683532.1
2015-09-29,237.2262,3479847405,115160470.8
2015-09-30,236.0463,3463401139,76056339.96
2015-10-01,237.7358,3489093808,72356986.65
2015-10-02,237.2593,3482919072,84448749.1
2015-10-03,238.9718,3508906580,73353042.37
2015-10-04,238.6566,3505203182,78899567.08
2015-10-05,240.3238,3530596946,107434379.9
2015-10-06,246.444,3621402164,135776679.8
2015-10-07,243.2229,3574397658,121587412.8
2015-10-08,242.9008,3569664084,97564224.99
2015-10-09,244.2051,3588832044,109153977
2015-10-10,245.3209,3607756619,89165069.7
2015-10-11,247.5392,3640379548,79268221.72
2015-10-12,245.5661,3611362597,108125413.6
2015-10-13,249.4051,3667819987,164455688.1
2015-10-14,252.6956,3720285701,321865165.9
2015-10-15,254.6295531,3749948525,207297257.6
2015-10-16,262.3735,3864938757,332398256.2
2015-10-17,270.3646,3983558776,271593080.8
2015-10-18,262.2345,3864772726,116712427.1
2015-10-19,264.2094,3894955159,224715633.9
2015-10-20,270.2664,3985078068,319017395.2
2015-10-21,267.0187,3938178701,201630914.9
2015-10-22,273.573,4035872004,229034925.7
2015-10-23,277.3884,4093191773,130573069.8
2015-10-24,282.9566,4176382825,168029249.4
2015-10-25,284.749,4203955930,336860319.6
2015-10-26,285.5159,4215884952,221583939.3
2015-10-27,294.8094,4354732831,329397533.9
2015-10-28,303.6366,4486177629,387209571.1
2015-10-29,313.9073,4639133967,543163761.5
2015-10-30,325.8006,4816269545,843340993.2
2015-10-31,312.2783,4617510890,321997491.8
2015-11-01,324.9971,4806796483,582434357.4
2015-11-02,350.7678,5189223756,636690229
2015-11-03,398.2369,5893149470,987283928.3
2015-11-04,404.3588,5985308849,984425381.8
2015-11-05,387.473,5736789622,913505444.8
2015-11-06,372.826,5521254799,770242854.5
2015-11-07,387.06,5733490750,462741972.5
2015-11-08,371.502,5504396533,264157489.6
2015-11-09,380.644,5641277305,420137368.4
2015-11-10,336.873,4993780087,620473336.4
2015-11-11,305.983,4537161821,572707252.5
2015-11-12,337.955,5012582356,546923067.5
2015-11-13,337.372,5005284729,414918018.1
2015-11-14,331.501,4919391965,131135195.6
2015-11-15,320.484,4757160339,237800138.7
2015-11-16,331.353,4919473734,239442892.6
2015-11-17,335.111,4976968039,236625919.3
2015-11-18,335.447,4983266453,185981663.3
2015-11-19,325.568,4837533520,206391901.3
2015-11-20,321.417,4777269084,123560944.2
2015-11-21,325.159,4834317690,199949522.2
2015-11-22,323.395,4809449591,167053005.4
2015-11-23,322.829,4802404204,188739479.4
2015-11-24,319.979,4761183527,103800161.9
2015-11-25,328.169,4884311516,714595229.5
2015-11-26,356.245,5303722123,1237550808
2015-11-27,359.011,5346023826,895711315.7
2015-11-28,356.212,5305804456,667783121.8
2015-11-29,371.488,5534688266,921927632.2
2015-11-30,378.265,5637217099,1299027009
2015-12-01,363.45,5417967322,523072117.5
2015-12-02,358.82,5350373990,1153668372
2015-12-03,360.954,5383466481,1149814390
2015-12-04,362.767,5411894144,1039912870
2015-12-05,390.645,5829507440,1426331736
2015-12-06,394.011,5881283994,1512626610
2015-12-07,394.355,5887868033,1282263557
2015-12-08,412.93,6167016641,954462002.3
2015-12-09,417.368,6235070986,1528970868
2015-12-10,416.91,6230407268,1275837073
2015-12-11,452.415,6762812524,1623480958
2015-12-12,434.903,6502593548,1745413357
2015-12-13,435.815,6517994663,1484344616
2015-12-14,443.277,6631778542,1497157324
2015-12-15,464.999,6958907660,1555251795
2015-12-16,453.914,6794808884,896686369.8
2015-12-17,456.473,6834975642,1302614351
2015-12-18,463.816,6946908499,1135226734
2015-12-19,462.053,6922223917,556941127
2015-12-20,441.129,6610549658,1175787491
2015-12-21,437.809,6562505170,1416880180
2015-12-22,436.237,6540512247,1296402582
2015-12-23,442.821,6640942255,955949147.6
2015-12-24,454.907,6823821081,1418671442
2015-12-25,455.742,6838203626,1058738142
2015-12-26,417.092,6260008700,1725069506
2015-12-27,423.925,6364767558,1378749291
2015-12-28,420.708,6318056014,1310931885
2015-12-29,432.154,6491698546,1176234727
2015-12-30,426.811,6413208735,1227648166
2015-12-31,431.139,6479728151,1310033275
2016-01-01,434.427,6530621624,1338781511
2016-01-02,434.326,6530688608,769869067.6
2016-01-03,430.198,6470199430,984185979.6
2016-01-04,433.534,6522334778,1021957723
2016-01-05,432.115,6502628563,758209345.9
2016-01-06,431.343,6492499351,833341869.3
2016-01-07,456.434,6870164692,1637948558
2016-01-08,454.6963,6847658074,1501742594
2016-01-09,448.709,6759240199,1085553694
2016-01-10,447.207,6738604517,1361099090
2016-01-11,448.349,6757695468,1182725806
2016-01-12,445.792,6721027667,888588584.8
2016-01-13,432.12,6516499236,1584488641
2016-01-14,429.243,6474583370,1266295629
2016-01-15,365.912,5519407460,1576734614
2016-01-16,384.813,5806905133,1710583688
2016-01-17,386.356,5830189311,1476285801
2016-01-18,385.132,5814809591,1357696059
2016-01-19,379.015,5723770826,1157108221
2016-01-20,418.848,6326929406,1674254290
2016-01-21,407.815,6161646249,1484721462
2016-01-22,377.21,5700897323,1626853796
2016-01-23,389.641,5889248377,755378842.1
2016-01-24,403.056,6094932221,1458284444
2016-01-25,392.326,5934195570,1332190241
2016-01-26,392.456,5937437390,1231352757
2016-01-27,394.491,5968224752,1023661370
2016-01-28,379.552,5745544310,1144817696
2016-01-29,378.912,5737400249,1378222858
2016-01-30,376.921,5709052773,926767404.4
2016-01-31,364.352,5520342696,795209372.7
2016-02-01,371.041,5623172735,1028395381
2016-02-02,372.868,5652529733,669492000.7
2016-02-03,368.124,5582278352,701511710.6
2016-02-04,388.376,5891023100,1068491901
2016-02-05,385.733,5852736452,1099201402
2016-02-06,374.905,5690251854,979578026
2016-02-07,375.517,5701239913,551083226.5
2016-02-08,371.136,5636117688,542257471.1
2016-02-09,373.909,5679902055,465479007.4
2016-02-10,379.829,5771368715,814090887.7
2016-02-11,377.058,5730998807,503979335.1
2016-02-12,382.72,5818750496,658159244.5
2016-02-13,390.424,5937412022,740171994.7
2016-02-14,404.144,6147686974,1319015073
2016-02-15,399.379,6076721221,1388195100
2016-02-16,407.013,6194279970,1111797900
2016-02-17,416.85,6345582495,1296165324
2016-02-18,421.422,6417045472,1445224879
2016-02-19,419.377,6387331883,601898504.3
2016-02-20,441.12,6720209556,1385245440
2016-02-21,438.65,6684028071,1506908217
2016-02-22,437.803,6672478907,1166708341
2016-02-23,420.302,6407178256,1465084347
2016-02-24,423.187,6452416826,1457408416
2016-02-25,423.142,6453391535,1416389937
2016-02-26,427.029,6514156583,58325277.64
2016-02-27,432.139,6593663290,595150632.4
2016-02-28,432.797,6605163875,546124185.9
2016-02-29,436.919,6669535766,1847224331
2016-03-01,431.371,6586086154,2515777834
2016-03-02,424.485,6482862266,2052408229
2016-03-03,420.171,6418406145,2737847218
2016-03-04,409.408,6255529066,2408874554
2016-03-05,397.241,6071173237,2766255767
2016-03-06,404.912,6189869498,2521764887
2016-03-07,413.74,6326260440,2361080396
2016-03-08,411.877,6299329213,1845168034
2016-03-09,412.319,6307800374,1705210743
2016-03-10,416.292,6370256294,2166212980
2016-03-11,419.299,6417916284,2440375017
2016-03-12,410.801,6289332500,2292018374
2016-03-13,412.495,6316587497,1845648236
2016-03-14,414.585,6350177716,1803876534
2016-03-15,415.641,6367983806,2111129338
2016-03-16,416.544,6383495146,1895643174
2016-03-17,418.4,6413413020,1743173853
2016-03-18,408.28,6259667304,2438769296
2016-03-19,406.739,6237403576,1764836350
2016-03-20,411.882,6317806513,1440329762
2016-03-21,411.091,6307102004,2250456010
2016-03-22,416.36,6389481378,2041042450
2016-03-23,418.076,6417382985,1985257305
2016-03-24,414.883,6369854280,2021330255
2016-03-25,415.743,6384534070,1933831282
2016-03-26,416.715,6401148697,1604214632
2016-03-27,425.349,6535264077,2326287424
2016-03-28,422.756,6497115017,2155194926
2016-03-29,415.547,6388027424,2681866389
2016-03-30,412.597,6344204936,2387281658
2016-03-31,415.366,6388090245,1432304099
2016-04-01,416.754,6410999714,447338223
2016-04-02,419.67,6457346881,633704454
2016-04-03,418.185,6435354873,429476810.4
2016-04-04,419.437,6456959981,525611739.8
2016-04-05,422.651,6508054062,541558101.3
2016-04-06,421.656,6494387878,527136257.7
2016-04-07,421.076,6486917899,593936633.5
2016-04-08,418.474,6448380946,727873660.9
2016-04-09,416.145,6413012926,791269617.3
2016-04-10,421.133,6492839084,484836963.8
2016-04-11,422.584,6516847462,710470936.9
2016-04-12,426.181,6573884543,1182165394
2016-04-13,424.269,6546120648,785800596
2016-04-14,424.932,6558071166,616490737.8
2016-04-15,429.966,6637309898,841700526.6
2016-04-16,430.941,6653836775,743886906.6
2016-04-17,428.027,6610502491,528907575.4
2016-04-18,428.506,6619389286,549297574.3
2016-04-19,436.37,6742483781,674540887.3
2016-04-20,441.916,6830010642,1101674781
2016-04-21,451.083,6973348482,1340299673
2016-04-22,447.488,6919439821,1244399315
2016-04-23,451.818,6987975324,835075482.7
2016-04-24,459.923,7114859335,1609960187
2016-04-25,460.466,7123685300,1607304204
2016-04-26,467.856,7240796777,1278134939
2016-04-27,444.789,6885300361,1344104894
2016-04-28,449.381,6957889603,1497339511
2016-04-29,456.566,7070940369,683291625.4
2016-04-30,447.903,6938342200,577836728.9
2016-05-01,452.592,7012822522,394606185.8
2016-05-02,444.488,6888908380,679795242.4
2016-05-03,450.3,6980741978,460396814.1
2016-05-04,447.119,6933273129,430680620.3
2016-05-05,448.922,6962982235,547921245.8
2016-05-06,461.62,7161803490,892002595.4
2016-05-07,459.248,7126736757,418352341.3
2016-05-08,459.283,7129139993,640880145.1
2016-05-09,461.747,7169395601,892533004.2
2016-05-10,450.326,6993799201,1121093827
2016-05-11,452.179,7024148586,672525013.6
2016-05-12,454.731,7065405649,697010377.1
2016-05-13,456.007,7086941589,489812072.4
2016-05-14,455.503,7080714422,540603400.5
2016-05-15,457.837,7118621365,514727783.6
2016-05-16,454.893,7074393585,649625052.5
2016-05-17,452.422,7037627800,456208618.6
2016-05-18,453.371,7054124066,382814029.9
2016-05-19,440.539,6855767039,626926267.8
2016-05-20,441.888,6878428608,644225134.7
2016-05-21,443.147,6899543980,382669886.1
2016-05-22,438.675,6831902516,369986913.4
2016-05-23,443.175,6903990658,378979422.1
2016-05-24,445.769,6945849972,423917608.1
2016-05-25,449.055,6998825287,593928754.6
2016-05-26,453.732,7073262178,772901620.2
2016-05-27,473.864,7388724420,1609915744
2016-05-28,528.545,8243121752,2308852892
2016-05-29,524.624,8182390025,2265760455
2016-05-30,534.224,8335577206,1027238918
2016-05-31,531.407,8293336920,976889071.5
2016-06-01,539.168,8416291167,864207752.9
2016-06-02,538.832,8413013020,655601895.7
2016-06-03,570.445,8908568259,947549857.4
2016-06-04,573.526,8958404429,1014758654
2016-06-05,574.4756747,8975651028,980649173.4
2016-06-06,585.563,9151383511,850291006.7
2016-06-07,577.9106943,9033842182,995595870
2016-06-08,583.139,9117713570,625927307.7
2016-06-09,577.607,9033585758,570784842.2
2016-06-10,579.2276479,9060944980,574507838.3
2016-06-11,597.746562,9352955399,567638086.3
2016-06-12,671.7122785,10512767357,2134843167
2016-06-13,704.2918522,11025583302,1929369214
2016-06-14,685.9321316,10740428206,1295617504
2016-06-15,693.227,10857217290,1111645976
2016-06-16,765.463,11991494583,2295279423
2016-06-17,749.419,11742908608,2089119189
2016-06-18,756.7996013,11861509350,1639977543
2016-06-19,764.046,11978503075,1440147059
2016-06-20,734.1617358,11512940800,1274257071
2016-06-21,664.9965294,10430819686,2616450205
2016-06-22,591.895,9286122276,2116429838
2016-06-23,623.2062564,9779539537,2950728709
2016-06-24,661.4166052,10381264326,2819565197
2016-06-25,666.0566979,10456807082,2165368589
2016-06-26,629.306,9882102247,1973414930
2016-06-27,648.3,10182702232,1893446211
2016-06-28,646.843,10162291636,1557753995
2016-06-29,637.437,10016780634,1478192306
2016-06-30,671.616,10556309174,1557452115
2016-07-01,677.71,10654888849,1520646626
2016-07-02,693.047,10897332419,1369565986
2016-07-03,664.7451003,10456041581,1980745475
2016-07-04,678.7005717,10678148802,1647219063
2016-07-05,667.530518,10504760880,1363651289
2016-07-06,675.919,10639167836,1193299158
2016-07-07,638.62,10054273625,2122556833
2016-07-08,665.7445063,10483645176,1407424927
2016-07-09,653.8705125,10298813662,1734638027
2016-07-10,650.321,10244077501,1043956725
2016-07-11,649.07,10225531861,969355597.1
2016-07-12,670.948,10571303712,1085661832
2016-07-13,658.15,10370703851,930971250.7
2016-07-14,659.576,10394281929,907126119.1
2016-07-15,665.6869915,10491679653,915530669.9
2016-07-16,663.501,10458476977,583921220
2016-07-17,678.3905582,10694420116,878701509.4
2016-07-18,674.7874378,10638777020,951136968
2016-07-19,674.557389,10636194258,721148317.7
2016-07-20,670.8934741,10579131342,718486386.1
2016-07-21,665.3643845,10493517599,651736587.5
2016-07-22,651.09,10269410782,744993482.4
2016-07-23,655.423,10338768243,749951409.5
2016-07-24,660.8489235,10425364937,628152931.6
2016-07-25,654.5186383,10326505496,571897923.7
2016-07-26,651.31,10276898044,704328935.7
2016-07-27,655.6182633,10345876482,701731382.9
2016-07-28,655.8904302,10351218168,590272472.8
2016-07-29,657.3423792,10375300169,498459288.3
2016-07-30,654.5489803,10332176091,381261251.2
2016-07-31,623.7457713,9847086966,1034681070
2016-08-01,605.747,9564059424,1099193369
2016-08-02,517.1349294,8165924599,1868906087
2016-08-03,567.3810616,8960483431,2497221231
2016-08-04,576.6037067,9107192616,1656264327
2016-08-05,576.0338,9099338659,730357921.5
2016-08-06,587.635,9283768001,781499291.6
2016-08-07,592.6675,9364319559,1119146427
2016-08-08,590.7125,9334500359,732938493.5
2016-08-09,585.3025,9249860836,764158462.5
2016-08-10,592.2668433,9361030949,787203551.1
2016-08-11,587.6138,9288488902,332761748.9
2016-08-12,586.53,9272434001,332148000.2
2016-08-13,584.4688683,9241013898,528917329.6
2016-08-14,570.7367,9024984100,800709328
2016-08-15,567.7342837,8978508770,689576137.5
2016-08-16,578.2231511,9145336947,665471810.7
2016-08-17,571.461915,9039235991,509828615.1
2016-08-18,572.2684198,9053050627,448162729.7
2016-08-19,573.4919907,9073411772,404401760.6
2016-08-20,581.9462731,9208301152,449090940.6
2016-08-21,580.5870271,9187908144,397848571.1
2016-08-22,585.2175,9262302917,391991120.3
2016-08-23,582.0038,9212472966,602216568.7
2016-08-24,577.8880532,9148400142,366732500.4
2016-08-25,576.1163,9121223052,401309291
2016-08-26,578.1038,9153633134,338221514.6
2016-08-27,568.575,9003730819,445311513.4
2016-08-28,573.5288,9083223370,339737295.9
2016-08-29,572.5102284,9068122329,381390186.6
2016-08-30,576.08,9125715540,414583282.4
2016-08-31,571.7582827,9058256695,335483654.4
2016-09-01,571.59,9056523460,356532608.3
2016-09-02,573.9625,9095188851,378500484.5
2016-09-03,596.195,9448393430,561496914.8
2016-09-04,608.6888,9647700437,884434073.9
2016-09-05,606.6438,9616262727,618185193
2016-09-06,610.6838,9681336387,560341026.7
2016-09-07,614.3264886,9740198080,597124132.7
2016-09-08,625.4675,9917920560,1600702239
2016-09-09,621.9125,9862631721,850137524.8
2016-09-10,623.0588,9881939361,586796232.5
2016-09-11,605.3154152,9601743135,1228662231
2016-09-12,605.8312052,9611117069,973866198.7
2016-09-13,606.645,9625199431,699782155.3
2016-09-14,608.425,9654573080,619105286
2016-09-15,605.5838,9610607639,549080254.7
2016-09-16,606.5533659,9627042762,546585886.1
2016-09-17,605.3438,9609021664,531090439.8
2016-09-18,608.795,9664864143,1306045902
2016-09-19,608.6176343,9663034352,1272958790
2016-09-20,607.7688126,9650615110,953214316.4
2016-09-21,595.8402492,9462412680,1589139471
2016-09-22,594.9588,9449414102,994983745.5
2016-09-23,601.8925,9560527882,1471656057
2016-09-24,601.2725,9551877467,1136053862
2016-09-25,599.3113,9522044920,1074112053
2016-09-26,606.0970645,9630957512,1917754354
2016-09-27,604.2075,9602128428,1448434854
2016-09-28,603.555,9592874199,1023325385
2016-09-29,604.6375,9611116960,1291135796
2016-09-30,608.2575,9669703048,1177411408
2016-10-01,614.0598845,9763087935,1673872374
2016-10-02,610.3588,9705298189,1018352267
2016-10-03,611.9609027,9731860021,767820467
2016-10-04,609.2425,9689785072,817050996.3
2016-10-05,611.6363,9729061309,915039145.9
2016-10-06,610.98,9719787550,714618920.4
2016-10-07,616.2188,9804216114,1104537956
2016-10-08,616.5338,9810492981,793016113.8
2016-10-09,614.6238,9781273121,901840112.4
2016-10-10,614.3138,9777010536,1274169413
2016-10-11,640.7,10198278180,2996984110
2016-10-12,635.6163,10118464866,2475619341
2016-10-13,634.6223388,10103624254,2099764691
2016-10-14,638.18,10161283203,1671558094
2016-10-15,637.2088,10146912931,1644480562
2016-10-16,640.1863,10195309967,1454057375
2016-10-17,637.4825,10153229676,1187159913
2016-10-18,635.465,10122263522,2024277148
2016-10-19,628.4375,10011295943,1955775380
2016-10-20,628.5425,10013934082,1803186001
2016-10-21,629.7188,10033936840,1283400177
2016-10-22,652.0875,10391486424,3522949283
2016-10-23,649.6263,10353442543,3643525163
2016-10-24,648.7663,10340849545,3212766801
2016-10-25,652.6338,10403520542,2499429907
2016-10-26,673.4175,10735427841,4850797703
2016-10-27,683.3725,10896021892,5041475157
2016-10-28,687.5588,10963463345,5069538566
2016-10-29,715.4103243,11409389607,6838400543
2016-10-30,697.2773625,11121149987,5824289996
2016-10-31,698.5763,11143032476,6861251336
2016-11-01,729.205,11633474056,5882440879
2016-11-02,734.1638,11713747882,4549460043
2016-11-03,686.0613,10947521328,10469111039
2016-11-04,702.11,11204614010,5929334121
2016-11-05,704.0225,11236368065,2146200088
2016-11-06,712.1263,11367022668,2676516224
2016-11-07,706.0925,11271922276,3299753094
2016-11-08,708.94,11318680822,3071821253
2016-11-09,721.1775,11515479618,4364284008
2016-11-10,713.2141433,11389753142,3237455966
2016-11-11,715.6425,11429941440,3576474208
2016-11-12,703.76,11241603256,6291883754
2016-11-13,702.346317,11220193118,3720281493
2016-11-14,705.55,11279469101,5335752435
2016-11-15,712.1588998,11386521351,7530105089
2016-11-16,740.8993549,11847684539,9936150861
2016-11-17,738.48,11810455254,5475859343
2016-11-18,748.4263,11970910273,3987706065
2016-11-19,750.4100481,12003962099,3235133019
2016-11-20,728.3713,11652611522,5039283040
2016-11-21,736.505,11783996775,3192815797
2016-11-22,748.1225,11971109864,3267220914
2016-11-23,741.1662465,11861151745,3775381683
2016-11-24,736.7486937,11791975961,3798900330
2016-11-25,738.2039432,11816670435,2481664642
2016-11-26,732.7338,11730463633,2391921659
2016-11-27,727.7575,11652161720,2688074106
2016-11-28,731.8424614,11719038708,2451726074
2016-11-29,731.81,11719891046,1904325476
2016-11-30,742.3588,11890119633,4489070915
2016-12-01,753.055,12062849170,5522487160
2016-12-02,771.1713,12354385552,4613958358
2016-12-03,764.8338233,12254501750,2869024714
2016-12-04,766.3688,12280532758,3517012112
2016-12-05,752.24,12055567494,3552862905
2016-12-06,758.6925,12160418227,3256985152
2016-12-07,763.915,12245767527,2603948961
2016-12-08,768.675,12323570552,2683311953
2016-12-09,769.8413,12343519928,3111825855
2016-12-10,773.1262934,12397466678,6551233316
2016-12-11,768.2325,12320826025,5508375144
2016-12-12,778.4323012,12485927227,6313690794
2016-12-13,778.215,12484153824,2821130580
2016-12-14,775.8913,12444714534,1558761071
2016-12-15,775.5725,12444351602,1345904094
2016-12-16,781.3375,12538210372,1764681181
2016-12-17,788.8775,12660596388,1759607152
2016-12-18,788.4413,12654965391,1469513205
2016-12-19,790.1163,12683371140,1102832367
2016-12-20,799.7213,12838925681,1894271980
2016-12-21,826.6207679,13272429705,6050784066
2016-12-22,859.3663,13799864747,7952522425
2016-12-23,917.0988,14728698438,5647399306
2016-12-24,891.6813,14322006704,4642138992
2016-12-25,894.3371332,14366519915,4022250326
2016-12-26,902.6063,14501002034,4809313198
2016-12-27,929.115,14928671402,4597863955
2016-12-28,977.14,15702309527,4906008702
2016-12-29,971.7213,15617018873,3796961161
2016-12-30,960.925,15445427988,4380999912
2016-12-31,966.5689709,15537921941,3381572989
2017-01-01,998.05,16045986193,3470830330
2017-01-02,1019.1988,16387926825,4444828109
2017-01-03,1035.5313,16652715383,4399421327
2017-01-04,1130.849516,18187664240,8705359110
2017-01-05,990.6675,15934886737,12102750397
2017-01-06,894.0325,14382278477,10713248032
2017-01-07,900.0788,14481153594,7496626398
2017-01-08,908.085,14611836820,4735054808
2017-01-09,901.878888,14513519375,4072687735
2017-01-10,905.7594627,14577733898,3216810929
2017-01-11,784.2775,12624083565,5258603516
2017-01-12,799.4275,12869633173,3344901198
2017-01-13,824.4988,13274790986,1860269657
2017-01-14,817.825,13169067954,1204479772
2017-01-15,821.9125,13236623006,923896735.4
2017-01-16,828.31,13341392032,831361487.5
2017-01-17,904.1525,14564800038,1316827457
2017-01-18,873.935,14079682756,1147970282
2017-01-19,896.89,14451431614,875858520.4
2017-01-20,891.4588,14366002978,613796288.1
2017-01-21,919.6775,14822821175,683491208.3
2017-01-22,918.778812,14810403902,830201798.2
2017-01-23,918.9075,14814052398,467022882.9
2017-01-24,885.7888,14281760610,378666162.6
2017-01-25,893.4738,14407365094,381951425.9
2017-01-26,915.36,14762033604,58349366.78
2017-01-27,918.2875,14811184893,49029317.21
2017-01-28,920.245,14844529150,21882209.49
2017-01-29,914.1425,14747986190,20288320.82
2017-01-30,920.9911459,14860100040,30166025.4
2017-01-31,968.2663,15624634422,101775253.2
2017-02-01,986.5728903,15922459702,92784081.55
2017-02-02,1008.403318,16276789220,93269627.17
2017-02-03,1015.4425,16392262891,138411478.2
2017-02-04,1033.63,16687723783,99014097.14
2017-02-05,1016.926159,16420090078,75284571.16
2017-02-06,1024.511089,16544150319,73413586.5
2017-02-07,1051.5,16981015238,89525304.92
2017-02-08,1055.3013,17045265644,164316931.4
2017-02-09,981.705,15858560741,333977588.2
2017-02-10,992.1113,16028562068,155061226.9
2017-02-11,1010.9463,16334579163,61189139.08
2017-02-12,1000.523769,16167938834,36448049.45
2017-02-13,996.1039359,16098583565,75754126.52
2017-02-14,1010.102162,16326912556,79285701.7
2017-02-15,1008.8813,16308969767,38397960.04
2017-02-16,1034.9038,16731535007,66797083.39
2017-02-17,1056.558091,17083619844,93994063.11
2017-02-18,1058.580931,17118312230,55001149.21
2017-02-19,1053.5025,17037979882,37478366.7
2017-02-20,1082.016823,17500458952,55971656.68
2017-02-21,1125.408815,18202277765,157173668.2
2017-02-22,1123.305,18168250822,99272532.8
2017-02-23,1185.654785,19176691563,132273779.1
2017-02-24,1180.871,19108706913,303444815.4
2017-02-25,1149.403678,18601876715,118187068.1
2017-02-26,1180.673,19110682514,89353606.54
2017-02-27,1193.129515,19314424735,87503104.9
2017-02-28,1190.331,19271383899,139855221.8
2017-03-01,1227.477149,19875003127,105587214.8
2017-03-02,1262.081,20437807787,174318244.9
2017-03-03,1289.540612,20884867166,152484577.4
2017-03-04,1268.814532,20551257964,121628868
2017-03-05,1276.233,20673857896,62090177.88
2017-03-06,1280.986,20753062038,65232264.87
2017-03-07,1233.056508,19978921138,213974224.5
2017-03-08,1149.631,18629281762,248575333.4
2017-03-09,1191.236722,19305673114,149501332.4
2017-03-10,1100.01059,17829356646,417086882.9
2017-03-11,1181.204123,19147525541,169071412.5
2017-03-12,1230.56,19950023304,104613431.4
2017-03-13,1243.264922,20158188044,131403644.1
2017-03-14,1246.556739,20214039432,86807305.13
2017-03-15,1258.457,20409261729,72763975.29
2017-03-16,1217.314541,19743578283,137592935.4
2017-03-17,1074.09387,17423426593,283988947.7
2017-03-18,961.962,15606390507,342885275
2017-03-19,1023.490101,16606689806,177388243.2
2017-03-20,1036.332012,16816818648,101975751.4
2017-03-21,1112.701532,18058074337,150015664.6
2017-03-22,1039.840173,16877645842,188848065.4
2017-03-23,1029.139414,16705852354,82048831.98
2017-03-24,940.0206266,15261293153,161801850.3
2017-03-25,965.2650627,15672767506,190451071.3
2017-03-26,954.47666,15499531724,130490540.4
2017-03-27,1042.605073,16932388063,138288339
2017-03-28,1044.722,16968792613,127643560.3
2017-03-29,1038.617198,16871375654,121169066.5
2017-03-30,1031.492906,16757840044,102438849.9
2017-03-31,1078.274711,17519577833,133287124.4
2017-04-01,1085.253,17634831647,87750426.9
2017-04-02,1098.068,,80231506.35
2017-04-03,1139.308275,18517903140,131765236
2017-04-04,1140.49759,18539058630,108222974.3
2017-04-05,1132.339905,18408732920,87439620.02
2017-04-06,1194.211,19416796070,128309277.2
2017-04-07,1189.775124,19347052264,90840184.05
2017-04-08,1182.271,19227110120,43899666.21
2017-04-09,1187.699,19316186631,41151425.52
2017-04-10,1210.515,19691023825,76050218.06
2017-04-11,1226.618,19955556307,78899688.76
2017-04-12,1218.299,19822303422,83573376.82
2017-04-13,1174.209,19106860359,131395672.1
2017-04-14,1183.687,19263144685,92892227.9
2017-04-15,1180.323,19210567707,53325277
2017-04-16,1186.31,19310204918,36294382.38
2017-04-17,1205.143,19618884440,83379623.41
2017-04-18,1217.58,19823480859,85025813.9
2017-04-19,1225.721,19958292471,71343829.94
2017-04-20,1253.904,20419371473,112476255.6
2017-04-21,1254.9875,20439557227,91517340.72
2017-04-22,1249.67,20355249795,84061246.82
2017-04-23,1247.8388,20327793188,84420564.21
2017-04-24,1249.9563,20364256791,70514448.3
2017-04-25,1263.045,20579834197,93017240.9
2017-04-26,1287.32,20977699423,121914930.8
2017-04-27,1331.3125,21697132034,134993633.4
2017-04-28,1321.205,21534600390,161417797.4
2017-04-29,1327.6863,21643161383,86320647.34
2017-04-30,1349.8863,22007601315,86247238.96
2017-05-01,1408.445,22964730936,217759983.7
2017-05-02,1442.245,23518941608,189160669.7
2017-05-03,1485.8175,24231937589,206154588.9
2017-05-04,1499.36,24455911024,335017412.6
2017-05-05,1506.0438,24567395211,324314593
2017-05-06,1547.815,25252078564,135507234.1
2017-05-07,1557.8838,25419561547,149859388.4
2017-05-08,1633.38,26655087386,276144904.9
2017-05-09,1700.1775,27748404857,383922543.3
2017-05-10,1747.3175,28521047691,288565639.4
2017-05-11,1808.7788,29527250348,313353159.7
2017-05-12,1700.7725,27767470034,248020430.2
2017-05-13,1751.73,28602793980,246696636.6
2017-05-14,1767.7088,28867391788,124978733
2017-05-15,1696.13,27702000822,231039670.3
2017-05-16,1716.315,28034610161,218205145.7
2017-05-17,1804.4513,29477763647,271656160.4
2017-05-18,1889.4088,30868475119,230137778.8
2017-05-19,1972.9013,32237082949,279848678.1
2017-05-20,2043.42,33393518555,274198303.3
2017-05-21,2053.8788,33568054937,264478153.8
2017-05-22,2109.3963,34479453631,580030832.8
2017-05-23,2292.7025,37479380943,389402023.7
2017-05-24,2448.1313,40025140034,555024432.8
2017-05-25,2366.9725,38704024228,889791512.3
2017-05-26,2262.36,36997900173,716011544
2017-05-27,2082.845,34066387967,683119789.1
2017-05-28,2219.4875,36305932628,401864331.3
2017-05-29,2286.2663,37402630788,312368211.9
2017-05-30,2167.6438,35466825282,335746190.7
2017-05-31,2329.0775,38113024210,416350458.7
2017-06-01,2436.0363,39868442922,438586633.5
2017-06-02,2514.2275,41152717324,292795886.9
2017-06-03,2562.54,41949676689,304803966.2
2017-06-04,2556.405,41854068528,254469613.9
2017-06-05,2721.5525,44563721217,334411829.5
2017-06-0623:29:55UTC,2903.4438,47547556371,1211604496
2017-06-07,2716.0588,44484425844,717931660.8
2017-06-0823:39:21UTC,2824.2038,46261410001,580940070.4
2017-06-09,2817.0638,46149913864,393210044.7
2017-06-10,2937.4538,48127389932,354694237.4
2017-06-11,3013.7138,49382412955,350197483.3
2017-06-12,2701.255,44267424095,792436484.8
2017-06-13,2736.1888,44844697933,410084483.7
2017-06-14,2503.401273,41033780986,565476421.8
2017-06-15,2444.493712,40072859209,845674827.7
2017-06-16,2513.810348,41213920650,404682134.6
2017-06-17,2683.571344,44001982614,386716359.4
2017-06-18,2577.219361,42262755912,320439362.7
2017-06-19,2620.136451,42971547871,307738404.8
2017-06-20,2777.792656,45561980142,461719561.5
2017-06-21,2717.003108,44569583132,447106675.8
2017-06-22,2724.912213,44703988751,273815444.5
2017-06-23,2737.746231,44920255723,187781433.4
2017-06-24,2618.416736,42966679004,314564252.6
2017-06-25,2606.863235,42781394179,320081172
2017-06-26,2488.194163,40837922140,540038332.5
2017-06-27,2531.348999,41550828141,518735269.2
2017-06-28,2575.43777,42279511903,351206317.8
2017-06-29,2561.681435,42057301540,239853090.8
2017-06-30,2490.753488,40897674122,210111037.8
2017-07-01,2439.82056,40066457532,207555417.5
2017-07-02,2518.545694,41365191379,226784228.6
2017-07-03,2576.714657,42326047726,304599469.9
2017-07-04,2610.997575,42894251457,274900590.6
2017-07-05,2607.219302,42836970322,238310795.5
2017-07-06,2612.670428,42931269844,175365965
2017-07-07,2509.21821,41236052947,260711000.7
2017-07-08,2563.195514,42128232902,178182801.7
2017-07-09,2519.217392,41409824820,117876420.6
2017-07-10,2363.515682,38856285255,387541497.1
2017-07-11,2353.910661,38703498121,420715282.4
2017-07-12,2387.328912,39258160521,314834432.8
2017-07-13,2364.321266,38884514157,233041527.7
2017-07-14,2228.728791,36658380772,320113442
2017-07-15,2033.291088,33447052810,463942211.4
2017-07-16,1927.099066,31704152053,480771847.6
2017-07-17,2181.286081,35890008657,495170862.9
2017-07-18,2303.889355,37911881678,729320057.5
2017-07-19,2274.621365,37434637985,577643323.8
2017-07-20,2766.825119,45540558048,1277986818
2017-07-21,2658.074912,43755767266,856653849.5
2017-07-22,2802.347887,46136314315,631346052.4
2017-07-23,2731.604007,44977531724,532874222.8
2017-07-24,2751.34707,45308735083,356970178.1
2017-07-25,2563.747895,42223997194,793382308.1
2017-07-26,2507.389685,41300436594,583046427.1
2017-07-27,2649.441201,43645402712,438390969.6
2017-07-28,2798.829313,46111586171,1248796319
2017-07-29,2720.102263,44819837646,862355190.6
2017-07-30,2740.323592,45158066502,373175816.2
2017-07-31,2871.368015,47322548226,438125892.5
2017-08-01,2737.763792,45126045891,745400937.1
2017-08-02,2697.850902,44473195323,412594211
2017-08-03,2777.367994,45788833024,339104668.2
2017-08-04,2845.897162,46925073393,368080367.5
2017-08-05,3237.070695,53382167034,1066264902
2017-08-06,3189.732453,52607099482,489419318.3
2017-08-07,3356.709738,55367416610,695546889.1
2017-08-08,3410.45008,56260701200,803019985.2
2017-08-09,3330.897825,54954274834,638922625.1
2017-08-10,3367.905387,55570438887,424604065.3
2017-08-11,3562.587663,58788973716,641330314.4
2017-08-12,3800.140625,62715286393,988460078.2
2017-08-13,4023.254522,66405071142,1549520790
2017-08-14,4175.695291,68927834713,1089626077
2017-08-15,4149.308759,68500212180,1908427436
2017-08-16,4262.558791,70376601817,1755705435
2017-08-17,4286.917435,70778773054,1774245121
2017-08-18,4097.685802,67671539511,1515069152
2017-08-19,4115.211988,67968693045,1710080500
2017-08-20,4001.228632,66092742689,551798952
2017-08-21,3935.229933,65008176479,712634899.4
2017-08-22,4008.416685,66221496791,1402352817
2017-08-23,4069.080239,67231683430,801748251
2017-08-24,4167.289177,68859869629,686855777.3
2017-08-25,4199.892032,69403950803,689332055.1
2017-08-26,4123.513371,68147140643,401970264.2
2017-08-27,4116.468739,68038485483,348607397.4
2017-08-28,4216.242773,69694649044,652038444.5
2017-08-29,4394.063436,72641940496,864725915.1
2017-08-30,4553.806527,75292523275,674336659.5
2017-08-31,4702.938163,77767841900,675647444.7
2017-09-01,4863.193049,80428274476,909131411.6
2017-09-02,4556.597777,75367266379,1475097323
2017-09-03,4632.462331,76631058146,1007165501
2017-09-04,4317.185188,71425022760,1554585274
2017-09-05,4447.875592,73598219046,1626968193
2017-09-06,4592.250278,75996461011,1060025862
2017-09-07,4584.820275,75883474995,669892692.7
2017-09-08,4285.207939,70933796921,1477975498
2017-09-09,4245.607341,70287354162,787822375.7
2017-09-10,4132.664642,68424784707,997139675.4
2017-09-11,4164.976212,68968724069,771493043.4
2017-09-12,4130.956285,68415142332,1062536774
2017-09-13,3883.652001,64328714659,1545425745
2017-09-14,3100.668155,51366093442,1950938472
2017-09-15,3587.943122,59446207725,3308099534
2017-09-16,3606.275197,59757602842,1399781741
2017-09-17,3553.432316,58889832717,846880197.9
2017-09-18,4012.285825,66500676482,1282809663
2017-09-19,3898.934732,64629619386,942656241.4
2017-09-20,3858.020951,63957210363,676074373.2
2017-09-21,3628.058588,60152757874,913652257.3
2017-09-22,3622.183039,60061814860,767837732.8
2017-09-23,3763.411406,62411285738,578068211.8
2017-09-24,3672.30508,60907151775,429544014.4
2017-09-25,3866.705153,64137374772,800311260.8
2017-09-26,3852.935205,63915425115,544391497.6
2017-09-27,4134.212415,68589320813,936452128.6
2017-09-28,4134.884951,68609525757,852500405.4
2017-09-29,4130.415246,68544241007,829225349.4